Open,High,Low,Close,Adj Close,Volume,compound
61.85499954223633,62.3125,61.68000030517578,62.26250076293945,60.91547012329102,96572800.0,0.18522979683972884
62.24250030517578,62.4375,60.64250183105469,60.8224983215332,59.50662612915039,142839600.0,0.23002427616926516
61.18999862670898,61.32500076293945,60.3025016784668,60.81499862670898,59.49928665161133,124522000.0,0.19911856435643527
61.81000137329102,62.29249954223633,59.31499862670898,62.18999862670898,60.84453964233398,139162000.0,0.136767356321839
62.3849983215332,63.98249816894531,62.290000915527344,63.95500183105469,62.57135772705078,151125200.0,0.15224279069767427
64.33249664306639,64.46250152587889,63.84500122070313,64.375,62.98226547241211,103272000.0,0.1588322799097063
64.26249694824219,64.54750061035156,64.08000183105469,64.28250122070311,62.89176940917969,79897600.0,0.06760900692840645
64.19249725341797,64.37249755859375,63.84249877929688,64.30999755859375,62.91867065429688,75864400.0,0.12290376106194681
64.68499755859375,65.08750152587889,64.52749633789061,64.85749816894531,63.64483642578125,94940400.0,0.11826838407494136
64.67250061035156,65.11000061035156,64.21250152587889,65.03500366210939,63.81901550292969,69986400.0,0.10233603603603601
64.57499694824219,65.61750030517578,64.56999969482422,65.55000305175781,64.32438659667969,81821200.0,0.14389391100702573
65.38749694824219,65.69750213623047,65.23000335693361,65.48999786376953,64.26551055908203,87388800.0,0.10632370203160273
65.28250122070311,66.19499969482422,65.26750183105469,66.11750030517578,64.88127899169922,102734400.0,0.09931399548532728
65.9375,66.22000122070311,65.52500152587889,65.66000366210939,64.43233489990234,89182800.0,0.08625604395604396
65.91999816894531,66.44499969482422,65.75250244140625,66.44000244140625,65.19775390625,100206400.0,0.16125045248868783
66.44999694824219,66.85749816894531,66.05750274658203,66.77500152587889,65.5264892578125,86703200.0,0.15121916666666663
66.97499847412111,67.0,66.34750366210939,66.57250213623047,65.32776641845703,76167200.0,0.10363782383419692
66.38500213623047,66.51999664306639,65.09999847412111,65.79750061035156,64.56726837158203,106234400.0,0.09009306220095695
65.92250061035156,66.00250244140625,65.29499816894531,65.50250244140625,64.27777099609375,121395200.0,0.09428919540229885
65.64749908447266,65.79499816894531,65.20999908447266,65.44499969482422,64.22135162353516,65325200.0,0.1156686936936937
65.67749786376953,66.61000061035156,65.62999725341797,66.59249877929689,65.34738922119139,84020400.0,0.14548954545454554
66.73500061035156,66.79000091552734,65.625,66.07250213623047,64.83711242675781,105207600.0,0.08898201754385965
66.39499664306639,66.99500274658203,66.32749938964844,66.95999908447266,65.70803070068361,65235600.0,0.09689954233409605
,,,,,,0.17049974093264242
66.65000152587889,67.0,66.47499847412111,66.8125,65.56329345703125,46617600.0,0.1746728888888886
66.81749725341797,67.0625,65.86250305175781,66.04000091552734,64.80522918701172,94487200.0,0.13263933333333325
64.57749938964844,64.88249969482422,64.07250213623047,64.86250305175781,63.64974975585938,114430400.0,0.1461244444444444
65.26750183105469,65.82749938964844,65.16999816894531,65.43499755859375,64.21153259277344,67181600.0,0.12433107221006559
65.94750213623047,66.47250366210939,65.68250274658203,66.39499664306639,65.15359497070311,74424400.0,0.1088259174311926
66.87000274658203,67.75,66.82499694824219,67.67749786376953,66.41211700439453,106075600.0,0.15380568927789937
67.5,67.69999694824219,66.22750091552734,66.73000335693361,65.48233032226561,128042400.0,0.076275925925926
67.15000152587889,67.51750183105469,66.46499633789061,67.12000274658203,65.86503601074219,90420400.0,0.08524566210045664
67.20249938964844,67.77500152587889,67.125,67.69249725341797,66.42682647705078,78756800.0,0.08012533333333331
66.94499969482422,68.13999938964844,66.83000183105469,67.86499786376953,66.59609985351561,137310400.0,0.08280141176470586
67.86499786376953,68.82499694824219,67.73249816894531,68.78749847412111,67.50137329101561,133587600.0,0.12991032110091733
69.25,70.19750213623047,69.24500274658203,69.96499633789061,68.65683746337889,128186000.0,0.09509470198675492
69.89250183105469,70.44249725341797,69.69999694824219,70.10250091552734,68.79177093505861,114158400.0,0.10333486842105255
69.94999694824219,70.4749984741211,69.77999877929689,69.93499755859375,68.62740325927734,116028400.0,0.11324222737819017
69.875,70.29499816894531,69.73750305175781,70.00499725341797,68.69609069824219,98369200.0,0.08599315673289182
70.55750274658203,70.6624984741211,69.63999938964844,69.86000061035156,68.55381011962889,275978000.0,0.17140683371298407
70.13249969482422,71.0625,70.09249877929689,71.0,69.67250823974611,98572000.0,0.12887790432801813
71.17250061035156,71.22250366210938,70.7300033569336,71.06749725341797,69.73872375488281,48478800.0,0.14965290178571425
,,,,,,0.28454754521963804
71.20500183105469,72.49500274658203,71.17500305175781,72.47750091552734,71.12236022949219,93121200.0,0.1815581775700934
72.77999877929688,73.49250030517578,72.02999877929688,72.44999694824219,71.09537506103516,146266000.0,0.16108114035087714
72.36499786376953,73.17250061035156,71.30500030517578,72.87999725341797,71.517333984375,144114400.0,0.2073855579868706
72.48249816894531,73.41999816894531,72.37999725341797,73.4124984741211,72.03987121582031,100805600.0,0.10655420353982296
,,,,,,0.20089608801955994
74.05999755859375,75.1500015258789,73.79750061035156,75.0875015258789,73.6835708618164,135480400.0,0.12500954545454526
74.2874984741211,75.1449966430664,74.125,74.35749816894531,72.96720123291016,146322800.0,0.10461093750000006
73.44750213623047,74.98999786376953,73.1875,74.94999694824219,73.54862213134766,118387200.0,0.12229287305122494
74.95999908447266,75.2249984741211,74.37000274658203,74.59750366210938,73.2027359008789,108872000.0,0.09812068181818188
74.29000091552734,76.11000061035156,74.29000091552734,75.79750061035156,74.38027954101562,132079200.0,0.12971891252955078
76.80999755859375,77.60749816894531,76.55000305175781,77.40750122070312,75.9601821899414,170108400.0,0.13416990521327007
77.6500015258789,78.1675033569336,77.0625,77.5824966430664,76.13189697265625,140644800.0,0.2134560439560436
77.91000366210938,79.26750183105469,77.7874984741211,79.23999786376953,77.75841522216797,121532000.0,0.18207094430992707
79.17500305175781,79.39250183105469,78.0425033569336,78.16999816894531,76.70842742919922,161954400.0,0.10189440715883658
77.9625015258789,78.875,77.38749694824219,77.83499908447266,76.37969207763672,121923600.0,0.1130678733031674
78.39749908447266,78.92500305175781,78.02249908447266,78.80999755859375,77.33646392822266,108829200.0,0.15435926773455366
79.06749725341797,79.68499755859375,78.75,79.68250274658203,78.19265747070312,137816400.0,0.17178750000000007
,,,,,,0.20563807106598953
79.29750061035156,79.75499725341797,79.0,79.14250183105469,77.66273498535156,110843200.0,0.06280067114093962
79.6449966430664,79.99749755859375,79.32749938964844,79.42500305175781,77.93997192382812,101832400.0,0.07971492204899773
79.4800033569336,79.88999938964844,78.9124984741211,79.80750274658203,78.31531524658203,104472000.0,0.16352802690582963
80.0625,80.8324966430664,79.37999725341797,79.57749938964844,78.0896224975586,146537600.0,0.1153792122538293
77.51499938964844,77.94249725341797,76.22000122070312,77.23750305175781,75.79336547851562,161940000.0,0.06839904761904765
78.1500015258789,79.5999984741211,78.04750061035156,79.42250061035156,77.93750762939453,162234000.0,0.15168985849056588
81.11250305175781,81.9625015258789,80.34500122070312,81.08499908447266,79.56892395019531,216229200.0,0.12173425925925913
80.13500213623047,81.02249908447266,79.6875,80.96749877929688,79.45362854003906,126743200.0,0.17680556745181966
80.23249816894531,80.66999816894531,77.07250213623047,77.37750244140625,75.93074035644531,199588400.0,0.18168283752860384
76.07499694824219,78.37249755859375,75.55500030517578,77.16500091552734,75.72222137451172,173788400.0,0.15081977528089877
78.82749938964844,79.91000366210938,78.40750122070312,79.7125015258789,78.22208404541016,136616400.0,0.11696297968397285
80.87999725341797,81.19000244140625,79.73750305175781,80.36250305175781,78.85993957519531,118826800.0,0.09941328976034856
80.64250183105469,81.30500030517578,80.06500244140625,81.30249786376953,79.7823715209961,105425600.0,0.11536946902654853
80.59249877929688,80.8499984741211,79.5,80.00749969482422,78.69790649414062,117684000.0,0.0721628062360802
78.54499816894531,80.38749694824219,78.4625015258789,80.38749694824219,79.07168579101562,109348800.0,0.10502255125284735
80.9000015258789,80.9749984741211,79.67749786376953,79.90249633789062,78.5946273803711,94323200.0,0.10101015801354409
80.36750030517578,81.80500030517578,80.36750030517578,81.80000305175781,80.46107482910156,113730400.0,0.1212737777777776
81.04750061035156,81.55500030517578,80.8375015258789,81.21749877929688,79.88810729980469,94747600.0,0.10091021739130429
81.18499755859375,81.49500274658203,80.7125015258789,81.23750305175781,79.90776824951172,80113600.0,0.1339964601769911
,,,,,,0.002952643678160919
78.83999633789062,79.9375,78.65249633789062,79.75,78.44461822509766,152531200.0,0.03317106598984772
80.0,81.14250183105469,80.0,80.90499877929688,79.58071899414062,93984000.0,0.17823394255874667
80.65750122070312,81.1624984741211,79.55249786376953,80.07499694824219,78.7643051147461,100566000.0,0.09535995525727074
79.65499877929688,80.11250305175781,77.625,78.26249694824219,76.9814682006836,129554000.0,0.1332149253731342
74.31500244140625,76.04499816894531,72.30750274658203,74.54499816894531,73.32481384277344,222195200.0,0.04408779342723009
75.23750305175781,75.63249969482422,71.53250122070312,72.0199966430664,70.84114074707031,230673600.0,0.045791355140186916
71.63249969482422,74.47000122070312,71.625,73.1624984741211,71.96493530273438,198054800.0,0.13316029055690076
70.27500152587889,71.5,68.23999786376953,68.37999725341797,67.26071929931639,320605600.0,0.058425512528473805
64.31500244140625,69.60250091552734,64.09249877929689,68.33999633789061,67.22138214111328,426510000.0,0.1433655021834063
70.56999969482422,75.36000061035156,69.43000030517578,74.70249938964844,73.47974395751953,341397200.0,0.2012016949152539
75.9175033569336,76.0,71.44999694824219,72.33000183105469,71.14607238769531,319475600.0,0.12969295454545451
74.11000061035156,75.8499984741211,73.28250122070312,75.68499755859375,74.44615936279297,219178400.0,0.08420344036697246
73.87999725341797,74.88749694824219,72.85250091552734,73.2300033569336,72.03134155273438,187572800.0,0.0918631929046564
70.5,72.70500183105469,70.30750274658203,72.25749969482422,71.07476043701172,226176800.0,0.08559499999999996
65.9375,69.52249908447266,65.75,66.54250335693361,65.45329284667969,286744800.0,0.05383687943262415
69.28500366210939,71.61000061035156,67.34249877929689,71.33499908447266,70.16736602783203,285290000.0,0.12457222222222213
69.34750366210939,70.30500030517578,67.96499633789061,68.85749816894531,67.73040771484375,255598800.0,0.10851728110599076
63.98500061035156,67.5,62.0,62.05749893188477,61.04171752929688,418474000.0,0.03790558252427185
66.22250366210939,69.98000335693361,63.23749923706055,69.49250030517578,68.35501861572266,370732000.0,0.2538416873449129
60.48749923706055,64.76999664306639,60.0,60.5525016784668,59.56135559082031,322423600.0,0.04808293269230769
61.87749862670898,64.40249633789061,59.599998474121094,63.21500015258789,62.18027114868164,324056000.0,0.09845152224824363
59.94250106811523,62.5,59.27999877929688,61.66749954223633,60.658103942871094,300233600.0,0.10512350230414748
61.84749984741211,63.209999084472656,60.65250015258789,61.19499969482422,60.19334030151367,271857200.0,0.06792032332563513
61.79499816894531,62.95750045776367,57.0,57.31000137329102,56.37192916870117,401693200.0,0.024808333333333352
57.02000045776367,57.125,53.15250015258789,56.09249877929688,55.174354553222656,336752800.0,0.12287807228915658
59.09000015258789,61.92250061035156,58.57500076293945,61.72000122070313,60.70974349975586,287531200.0,0.15535969773299738
62.6875,64.5625,61.07500076293945,61.38000106811523,60.37530136108398,303602000.0,0.05579669030732867
61.63000106811523,64.66999816894531,61.59000015258789,64.61000061035156,63.55244064331055,252087200.0,0.06016845637583895
63.1875,63.96749877929688,61.76250076293945,61.93500137329102,60.92122650146485,204216800.0,0.09850962441314551
62.68500137329102,63.88000106811523,62.349998474121094,63.70249938964844,62.65979385375977,167976400.0,0.07289771689497718
63.9000015258789,65.62249755859375,63.0,63.5724983215332,62.53191375732422,197002000.0,0.09644562647754136
61.625,62.18000030517578,59.78250122070313,60.227500915527344,59.241676330566406,176218400.0,0.13460788863109033
60.084999084472656,61.287498474121094,59.224998474121094,61.23249816894531,60.23021697998047,165934000.0,0.06778863109048727
60.70000076293945,61.42499923706055,59.74250030517578,60.352500915527344,59.3646240234375,129880000.0,0.09051041162227597
62.724998474121094,65.77749633789061,62.34500122070313,65.61750030517578,64.54344177246094,201820400.0,0.15729254079254076
67.69999694824219,67.92500305175781,64.75,64.85749816894531,63.79589462280274,202887200.0,0.09251075514874144
65.68499755859375,66.84249877929689,65.30750274658203,66.51750183105469,65.42871856689453,168895200.0,0.1244679911699779
67.17500305175781,67.51750183105469,66.17500305175781,66.99749755859375,65.90084838867189,161834800.0,0.13592008830022073
,,,,,,0.09424752252252247
67.07749938964844,68.42500305175781,66.45749664306639,68.3125,67.1943359375,131022800.0,0.14387686915887854
70.0,72.0625,69.51249694824219,71.76249694824219,70.58785247802734,194994800.0,0.1747390300230948
70.5999984741211,71.5824966430664,70.15750122070311,71.10749816894531,69.94358062744139,131154400.0,0.15798294392523357
71.84500122070312,72.05000305175781,70.5875015258789,71.67250061035156,70.49933624267578,157125200.0,0.1134318584070796
71.17250061035156,71.73750305175781,69.21499633789061,70.69999694824219,69.54273986816406,215250000.0,0.13618013856812933
69.48750305175781,70.41999816894531,69.21250152587889,69.23249816894531,68.09928894042969,130015200.0,0.0920382222222221
69.06999969482422,69.3125,66.35749816894531,67.09249877929689,65.99430847167969,180991600.0,0.10152309417040357
68.40249633789061,69.47499847412111,68.05000305175781,69.02500152587889,67.89516448974611,116862400.0,0.15064817351598161
68.96749877929689,70.4375,68.71749877929689,68.75749969482422,67.63204956054689,124814400.0,0.07514292452830187
69.30000305175781,70.75250244140625,69.25,70.74250030517578,69.58455657958984,126161200.0,0.10953952941176472
70.44999694824219,71.13500213623047,69.98750305175781,70.7925033569336,69.63373565673828,117087600.0,0.08250894117647063
71.2699966430664,71.4574966430664,69.55000305175781,69.64499664306639,68.50502014160156,112004800.0,0.09397780320366138
71.18250274658203,72.4175033569336,70.97250366210938,71.93250274658203,70.7551040649414,137280800.0,0.16855434243176157
72.48999786376953,73.63249969482422,72.0875015258789,73.44999694824219,72.24772644042969,183064000.0,0.12608423645320188
71.5625,74.75,71.4625015258789,72.26750183105469,71.0845947265625,240616800.0,0.1978252358490564
72.2925033569336,73.42250061035156,71.58000183105469,73.29000091552734,72.0903549194336,133568000.0,0.1111118987341772
73.76499938964844,75.25,73.61499786376953,74.38999938964844,73.17234802246094,147751200.0,0.14715856079404455
75.11499786376953,75.80999755859375,74.71749877929688,75.15750122070312,73.92729187011719,142333600.0,0.16571180722891557
75.80500030517578,76.2925033569336,75.49250030517578,75.93499755859375,74.69205474853516,115215200.0,0.13990024271844662
76.41000366210938,77.5875015258789,76.07250213623047,77.53250122070312,76.46985626220703,133838400.0,0.1636640186915888
77.0250015258789,79.26249694824219,76.80999755859375,78.75250244140625,77.67314147949219,145946400.0,0.1961723618090453
79.4574966430664,79.92250061035156,77.72750091552734,77.85250091552734,76.78546905517578,162301200.0,0.21502992518703215
78.0374984741211,78.98750305175781,75.80249786376953,76.9124984741211,75.85836791992188,200622400.0,0.1730739759036142
76.12750244140625,77.44750213623047,75.38249969482422,77.38500213623047,76.32438659667969,158929200.0,0.12197093023255814
75.0875015258789,76.9749984741211,75.05249786376953,76.92749786376953,75.87315368652344,166348400.0,0.154441121495327
78.2925033569336,79.125,77.58000183105469,78.73999786376953,77.66080474853516,135178400.0,0.2025329383886251
78.75749969482422,79.62999725341797,78.25250244140625,78.28500366210938,77.2120590209961,101729600.0,0.07167541766109789
79.16999816894531,79.87999725341797,79.12999725341797,79.80750274658203,78.71369171142578,111504800.0,0.17395360576923063
79.66500091552734,80.22250366210938,78.96749877929688,79.2125015258789,78.12683868408203,102688800.0,0.15265977528089877
78.94249725341797,79.80750274658203,78.8375015258789,79.72250366210938,78.62984466552734,81803200.0,0.13832964705882342
,,,,,,0.17971643835616422
80.875,81.05999755859375,79.125,79.18250274658203,78.09725189208984,125522000.0,0.13966788321167875
79.03500366210938,79.67749786376953,78.27249908447266,79.52749633789062,78.4375228881836,112945200.0,0.13431318407960188
79.19249725341797,80.86000061035156,78.90750122070312,79.5625,78.47203826904297,133560800.0,0.1668712560386472
79.8125,80.2874984741211,79.11750030517578,79.48500061035156,78.39559173583984,153532400.0,0.1192316037735849
79.4375,80.5875015258789,79.30249786376953,80.4625015258789,79.35969543457031,80791200.0,0.1076485576923076
80.1875,80.86000061035156,79.73249816894531,80.83499908447266,79.72708892822266,87642800.0,0.0807025139664805
81.16500091552734,81.55000305175781,80.57499694824219,81.27999877929688,80.1659927368164,104491200.0,0.1729904306220093
81.09750366210938,81.40499877929688,80.19499969482422,80.58000183105469,79.47559356689453,87560400.0,0.16021190476190478
80.8375015258789,82.9375,80.80750274658203,82.875,81.7391357421875,137250400.0,0.18173485576923065
82.5625,83.4000015258789,81.83000183105469,83.36499786376953,82.22241973876953,95654400.0,0.19349114832535882
83.03500366210938,86.40249633789062,83.00250244140625,85.99749755859375,84.81884765625,147712400.0,0.16475174129353237
86.9749984741211,88.69249725341797,86.52249908447266,88.20999908447266,87.00102996826172,166651600.0,0.19530575916230342
87.32749938964844,87.76499938964844,83.87000274658203,83.9749984741211,82.82405853271484,201662400.0,0.05745427872860638
86.18000030517578,86.94999694824219,83.55500030517578,84.69999694824219,83.53913116455078,200146000.0,0.19568913580246908
83.3125,86.41999816894531,83.1449966430664,85.74749755859375,84.57227325439453,138808800.0,0.1623752604166665
87.86499786376953,88.30000305175781,86.18000030517578,88.0199966430664,86.8136215209961,165428800.0,0.18667980049875318
88.7874984741211,88.8499984741211,87.77249908447266,87.89749908447266,86.69279479980469,114406400.0,0.13121313868613133
87.85250091552734,88.36250305175781,87.30500030517578,87.93250274658203,86.72732543945312,96820400.0,0.14216018518518517
88.66000366210938,89.13999938964844,86.2874984741211,87.43000030517578,86.23170471191406,264476000.0,0.0958103194103194
87.83499908447266,89.86499786376953,87.7874984741211,89.71749877929688,88.48786163330078,135445200.0,0.13642409326424867
91.0,93.09500122070312,90.56749725341795,91.63249969482422,90.37660217285156,212155600.0,0.13115242966751917
91.25,92.19750213623048,89.62999725341797,90.01499938964844,88.7812728881836,192623200.0,0.12575689223057648
90.1750030517578,91.25,89.39250183105469,91.20999908447266,89.95989990234375,137522400.0,0.18597486772486754
91.10250091552734,91.33000183105469,88.25499725341797,88.40750122070312,87.1958236694336,205256800.0,0.08453422330097085
88.3125,90.5425033569336,87.81999969482422,90.44499969482422,89.20538330078125,130646000.0,0.118042289719626
90.0199966430664,91.49500274658205,90.0,91.1999969482422,89.95002746582031,140223200.0,0.17423317535545005
91.27999877929688,91.83999633789062,90.97750091552734,91.02749633789062,89.77989196777344,110737200.0,0.19402768079800486
91.9625015258789,92.61750030517578,90.91000366210938,91.02749633789062,89.77989196777344,114041600.0,0.24196271186440657
,,,,,,0.19804716494845337
92.5,93.94499969482422,92.46749877929688,93.4625015258789,92.1815185546875,118655600.0,0.007770491803278728
93.85250091552734,94.65499877929688,93.05750274658205,93.17250061035156,91.89550018310548,112424400.0,0.11280643564356432
94.18000030517578,95.375,94.08999633789062,95.34249877929688,94.03575897216795,117092000.0,0.12674317617866004
96.2624969482422,96.31749725341795,94.67250061035156,95.75250244140624,94.44014739990234,125642800.0,0.16662437810945258
95.33499908447266,95.9800033569336,94.70500183105469,95.91999816894531,94.60533905029295,90257200.0,0.2849
97.26499938964844,99.95500183105469,95.25749969482422,95.47750091552734,94.1688995361328,191649200.0,0.12435418848167551
94.83999633789062,97.25499725341795,93.87750244140624,97.05750274658205,95.7272720336914,170989200.0,0.14525287671232875
98.98999786376952,99.24749755859376,96.48999786376952,97.7249984741211,96.38560485839844,153198000.0,0.10587473118279567
96.5625,97.40499877929688,95.90499877929688,96.52249908447266,95.19960021972656,110577600.0,0.10587467018469672
96.9875030517578,97.14749908447266,95.83999633789062,96.32749938964844,95.00725555419922,92186800.0,0.17664170984455949
96.4175033569336,98.5,96.0625,98.35749816894531,97.00942993164062,90318000.0,0.28974281984334127
99.17250061035156,99.25,96.74250030517578,97.0,95.67053985595705,103433200.0,0.20359401041666658
96.69249725341795,97.9749984741211,96.60250091552734,97.27249908447266,95.93930053710938,89001600.0,0.2580797402597402
96.99749755859376,97.07749938964844,92.01000213623048,92.84500122070312,91.5724868774414,197004400.0,0.12379173333333333
90.9875030517578,92.97000122070312,89.1449966430664,92.61499786376952,91.34564971923828,185438800.0,0.19296551724137895
93.70999908447266,94.90499877929688,93.4800033569336,94.80999755859376,93.51055908203124,121214000.0,0.22926658097686337
94.36750030517578,94.5500030517578,93.24749755859376,93.25250244140624,91.9744110107422,103625600.0,0.11244464285714292
93.75,95.2300033569336,93.7125015258789,95.04000091552734,93.7374038696289,90329200.0,0.15783818681318684
94.1875,96.29750061035156,93.76750183105469,96.19000244140624,94.87164306640624,158130000.0,0.19812216748768477
102.88500213623048,106.41500091552734,100.8249969482422,106.26000213623048,104.80363464355469,374336800.0,0.20345623188405795
108.1999969482422,111.6374969482422,107.89250183105469,108.9375,107.4444351196289,308151200.0,0.19138048780487815
109.13249969482422,110.79000091552734,108.3874969482422,109.66500091552734,108.1619644165039,173071600.0,0.20570539845758326
109.37750244140624,110.39250183105469,108.89749908447266,110.0625,108.55400848388672,121776800.0,0.18025624999999995
110.40499877929688,114.4124984741211,109.79750061035156,113.90249633789062,112.34139251708984,202428800.0,0.25613522167487623
113.20500183105469,113.6750030517578,110.2925033569336,111.1125030517578,109.78721618652344,198045600.0,0.21572144846796623
112.5999984741211,113.7750015258789,110.0,112.72750091552734,111.38294219970705,212403600.0,0.13205434173669467
111.97000122070312,112.48249816894531,109.10749816894531,109.375,108.0704345703125,187902400.0,0.23001938775510167
110.49749755859376,113.2750015258789,110.29750061035156,113.01000213623048,111.6620864868164,165598000.0,0.20797078947368405
114.43000030517578,116.0425033569336,113.92749786376952,115.01000213623048,113.6382293701172,210082000.0,0.10047644230769223
114.83000183105469,115.0,113.04499816894531,114.90750122070312,113.53695678710938,165565200.0,0.1105616045845272
116.0625,116.0875015258789,113.9625015258789,114.60749816894531,113.24051666259766,119561600.0,0.11980849315068494
114.35250091552734,116.0,114.00749969482422,115.5625,114.18414306640624,105633600.0,0.20644309859154922
115.98249816894531,117.1624984741211,115.61000061035156,115.7074966430664,114.32740783691406,145538000.0,0.11271136363636358
115.75,118.39250183105469,115.73249816894531,118.2750015258789,116.86428833007812,126907200.0,0.1803950549450549
119.2624969482422,124.86750030517578,119.25,124.37000274658205,122.88658142089844,338054800.0,0.19894293785310732
128.69749450683594,128.78500366210938,123.9375,125.85749816894531,124.35633087158205,345937600.0,0.12220193704600478
124.69750213623048,125.18000030517578,123.05249786376952,124.8249969482422,123.33615112304688,211495600.0,0.10359855491329477
126.18000030517578,126.99250030517578,125.0824966430664,126.52249908447266,125.01341247558594,163022400.0,0.13085888594164452
127.14250183105469,127.48500061035156,123.8324966430664,125.01000213623048,123.51895141601562,155552400.0,0.10253106060606068
126.0124969482422,126.44249725341795,124.57749938964844,124.80750274658205,123.31886291503906,187630000.0,-0.01732641025641025
127.58000183105469,131.0,126.0,129.03999328613278,127.5008773803711,225702700.0,0.19846104972375705
132.75999450683594,134.80000305175778,130.52999877929688,134.17999267578122,132.57955932617188,151948100.0,0.1380638888888889
137.58999633789062,137.97999572753906,127.0,131.39999389648438,129.83271789550778,200119000.0,0.16323501483679528
126.91000366210938,128.83999633789062,120.5,120.87999725341795,119.4382095336914,257599600.0,0.07313776595744684
120.06999969482422,123.6999969482422,110.88999938964844,120.95999908447266,119.51725769042969,332607200.0,0.18109261363636356
,,,,,,0.23934026666666644
113.9499969482422,118.98999786376952,112.68000030517578,112.81999969482422,111.47434997558594,231366600.0,0.08574039548022604
117.26000213623048,119.13999938964844,115.26000213623048,117.31999969482422,115.9206771850586,176940500.0,0.18841359773371086
120.36000061035156,120.5,112.5,113.48999786376952,112.13636016845705,182274400.0,0.16187261538461536
114.56999969482422,115.2300033569336,110.0,112.0,110.66411590576172,180860300.0,0.11310914127423831
114.72000122070312,115.93000030517578,112.8000030517578,115.36000061035156,113.98403930664062,140150100.0,0.19591142061281322
118.33000183105469,118.83000183105469,113.61000061035156,115.54000091552734,114.16190338134766,184642000.0,0.25279239436619727
115.2300033569336,116.0,112.04000091552734,112.12999725341795,110.7925796508789,154679000.0,0.17519693593314759
109.72000122070312,112.1999969482422,108.70999908447266,110.33999633789062,109.02391052246094,178011000.0,0.1777270718232043
110.4000015258789,110.87999725341795,106.08999633789062,106.83999633789062,105.565673828125,287104900.0,0.5535556097560992
104.54000091552734,110.19000244140624,103.0999984741211,110.08000183105469,108.76702117919922,195713800.0,0.22602668711656448
112.68000030517578,112.86000061035156,109.16000366210938,111.80999755859376,110.47640991210938,183055400.0,0.2855248427672958
111.62000274658205,112.11000061035156,106.7699966430664,107.12000274658205,105.8423309326172,150718700.0,0.20257465564738292
105.16999816894531,110.25,105.0,108.22000122070312,106.9292221069336,167743300.0,0.22626239316239308
108.43000030517578,112.44000244140624,107.66999816894531,112.27999877929688,110.94078826904295,149981400.0,0.24015813333333283
115.01000213623048,115.31999969482422,112.77999877929688,114.95999908447266,113.58882904052734,137672400.0,0.21764774011299426
114.5500030517578,115.30999755859376,113.56999969482422,114.08999633789062,112.7292022705078,99382200.0,0.24304908616187956
113.79000091552734,117.26000213623048,113.62000274658205,115.80999755859376,114.42867279052734,142675200.0,0.2003677333333332
117.63999938964844,117.72000122070312,115.83000183105469,116.79000091552734,115.3969955444336,116120400.0,0.23177916666666643
112.88999938964844,115.37000274658205,112.22000122070312,113.0199966430664,111.67195129394531,144712000.0,0.1684685015290518
113.91000366210938,116.6500015258789,113.5500030517578,116.5,115.1104507446289,106243800.0,0.20021923076923054
115.6999969482422,116.12000274658205,112.25,113.16000366210938,111.81029510498048,161498200.0,0.02526614173228339
114.62000274658205,115.5500030517578,114.12999725341795,115.08000183105469,113.70738983154295,96849000.0,0.20681392045454536
116.25,116.4000015258789,114.58999633789062,114.97000122070312,113.59870910644531,83477200.0,0.18240051150895126
115.27999877929688,117.0,114.91999816894531,116.97000122070312,115.57483673095705,100506900.0,0.23834358974358977
120.05999755859376,125.18000030517578,119.27999877929688,124.4000015258789,122.91622161865234,240226800.0,0.2765265624999998
125.2699966430664,125.38999938964844,119.6500015258789,121.0999984741211,119.65557861328124,262330500.0,0.19949885714285687
121.0,123.02999877929688,119.62000274658205,121.19000244140624,119.74452209472656,150712000.0,0.1778223529411764
118.72000122070312,121.1999969482422,118.1500015258789,120.70999908447266,119.27024841308594,112559200.0,0.18566111111111103
121.27999877929688,121.5500030517578,118.80999755859376,119.0199966430664,117.60039520263672,115393800.0,0.20146870026525188
119.95999908447266,120.41999816894531,115.66000366210938,115.9800033569336,114.5966567993164,120639300.0,0.23706923076923045
116.1999969482422,118.9800033569336,115.62999725341795,117.51000213623048,116.10841369628906,124423700.0,0.25337277353689547
116.66999816894531,118.70999908447266,116.4499969482422,116.87000274658205,115.47604370117188,89946000.0,0.2856127717391301
117.4499969482422,118.04000091552734,114.58999633789062,115.75,114.36939239501952,101988000.0,0.19313757062146888
116.38999938964844,116.5500030517578,114.27999877929688,115.04000091552734,113.6678695678711,82572600.0,0.2944061946902655
114.01000213623048,116.5500030517578,112.87999725341795,115.0500030517578,113.67774963378906,111850700.0,0.19751299435028258
115.48999786376952,117.27999877929688,114.54000091552734,116.5999984741211,115.20925903320312,92276800.0,0.15575261707988963
115.0500030517578,115.43000030517578,111.0999984741211,111.1999969482422,109.8736572265625,143937800.0,0.12418475935828872
112.37000274658205,116.93000030517578,112.1999969482422,115.31999969482422,113.94452667236328,146129200.0,0.08512278106508883
111.05999755859376,111.98999786376952,107.72000122070312,108.86000061035156,107.56158447265624,190272600.0,0.1375942779291553
109.11000061035156,110.68000030517578,107.31999969482422,108.7699966430664,107.47265625,122866900.0,0.16140054644808727
109.66000366210938,111.48999786376952,108.7300033569336,110.44000244140624,109.12274169921876,107624400.0,0.19271294765840213
114.13999938964844,115.58999633789062,112.3499984741211,114.9499969482422,113.57894134521484,138235500.0,0.2724366279069761
117.9499969482422,119.62000274658205,116.87000274658205,119.02999877929688,117.61027526855469,126387100.0,0.2632677581863972
118.31999969482422,119.1999969482422,116.12999725341795,118.69000244140624,117.4766616821289,114457900.0,0.26407062314540014
120.5,121.98999786376952,116.0500030517578,116.31999969482422,115.13088989257812,154515300.0,0.15869746478873237
115.5500030517578,117.58999633789062,114.12999725341795,115.97000122070312,114.78446197509766,138023400.0,0.2371379679144382
117.19000244140624,119.62999725341795,116.44000244140624,119.48999786376952,118.26848602294922,112295000.0,0.2796768115942019
119.62000274658205,120.52999877929688,118.56999969482422,119.20999908447266,117.99134063720705,103162300.0,0.23905414364640887
119.44000244140624,119.66999816894531,117.87000274658205,119.26000213623048,118.04082489013672,81581900.0,0.3287020151133492
118.91999816894531,120.98999786376952,118.1500015258789,120.3000030517578,119.07020568847656,91183000.0,0.11628407079646012
119.5500030517578,120.66999816894531,118.95999908447266,119.38999938964844,118.16950225830078,74271000.0,0.17396092307692299
118.61000061035156,119.81999969482422,118.0,118.02999877929688,116.82341003417969,76322100.0,0.12175104895104895
117.58999633789062,119.05999755859376,116.80999755859376,118.63999938964844,117.42716217041016,74113000.0,0.2048964864864863
118.63999938964844,118.7699966430664,117.29000091552734,117.33999633789062,116.14044952392578,73604300.0,0.13069318181818165
117.18000030517578,117.62000274658205,113.75,113.8499984741211,112.68614196777344,127959300.0,0.15355442359249324
113.91000366210938,115.8499984741211,112.58999633789062,115.16999816894531,113.99264526367188,113874200.0,0.22869164490861596
115.5500030517578,116.75,115.16999816894531,116.02999877929688,114.84384155273438,76499200.0,0.1816495844875345
,,,,,,0.16044169096209923
116.56999969482422,117.48999786376952,116.22000122070312,116.58999633789062,115.39811706542969,46691300.0,0.20597473118279544
116.97000122070312,120.97000122070312,116.80999755859376,119.0500030517578,117.8329849243164,169410200.0,0.22479411764705862
121.01000213623048,123.47000122070312,120.01000213623048,122.72000122070312,121.46546173095705,127728200.0,0.22897052023121386
122.0199966430664,123.37000274658205,120.88999938964844,123.08000183105469,121.82179260253906,89004200.0,0.2087515320334262
123.5199966430664,123.77999877929688,122.20999908447266,122.94000244140624,121.68321228027344,78967600.0,0.18464822485207072
122.5999984741211,122.86000061035156,121.5199966430664,122.25,121.0002670288086,78260400.0,0.2569664864864861
122.30999755859376,124.56999969482422,122.25,123.75,122.48493957519531,86712000.0,0.19218177215189877
124.37000274658205,124.9800033569336,123.08999633789062,124.37999725341795,123.10848236083984,82225500.0,0.230301023017903
124.52999877929688,125.9499969482422,121.0,121.77999877929688,120.53506469726562,115089200.0,0.13499782016348771
120.5,123.87000274658205,120.1500015258789,123.23999786376952,121.98015594482422,81312200.0,0.215522546419098
122.43000030517578,122.76000213623048,120.5500030517578,122.41000366210938,121.15863800048828,86939800.0,0.191541623036649
122.5999984741211,123.3499984741211,121.54000091552734,121.77999877929688,120.53506469726562,79184500.0,0.22854767123287625
124.33999633789062,127.9000015258789,124.12999725341795,127.87999725341795,126.5727081298828,157243700.0,0.19168627450980377
127.41000366210938,128.3699951171875,126.55999755859376,127.80999755859376,126.50342559814452,98208600.0,0.1728091584158414
128.89999389648438,129.58000183105472,128.03999328613278,128.69999694824222,127.38431549072266,94359800.0,0.19751318407960175
128.96000671386722,129.10000610351562,126.12000274658205,126.66000366210938,125.36519622802734,192541500.0,0.17696448598130826
125.0199966430664,128.30999755859378,123.4499969482422,128.22999572753906,126.91912841796876,121251600.0,0.17761836734693867
131.61000061035156,134.41000366210938,129.64999389648438,131.8800048828125,130.53182983398438,168904800.0,0.14199646739130428
132.16000366210938,132.42999267578122,130.77999877929688,130.96000671386722,129.62123107910156,88223700.0,0.22820968586387425
131.32000732421878,133.46000671386722,131.10000610351562,131.97000122070312,130.62091064453122,54930100.0,0.29685307262569793
,,,,,,0.22635978647686814
133.99000549316406,137.33999633789062,133.50999450683594,136.69000244140622,135.29267883300778,124486200.0,0.18990697674418594
138.05000305175778,138.78999328613278,134.33999633789062,134.8699951171875,133.49125671386722,121047300.0,0.1173134517766497
135.58000183105472,135.99000549316406,133.39999389648438,133.72000122070312,132.35301208496094,96452100.0,0.1964982005141387
134.08000183105472,134.74000549316406,131.72000122070312,132.69000244140622,131.33354187011722,99116600.0,0.030667766497461883
,,,,,,0.1376107049608355
133.52000427246094,133.61000061035156,126.76000213623048,129.41000366210938,128.08706665039062,143301900.0,0.17291166666666652
128.88999938964844,131.74000549316406,128.42999267578122,131.00999450683594,129.67071533203122,97664900.0,0.17804696569920817
127.72000122070312,131.05000305175778,126.37999725341795,126.5999984741211,125.3057861328125,155088000.0,0.161081571815718
128.36000061035156,131.6300048828125,127.86000061035156,130.91999816894528,129.58163452148438,109578200.0,0.14409069767441826
132.42999267578122,132.6300048828125,130.22999572753906,132.05000305175778,130.7000732421875,105158200.0,0.1538675324675323
129.19000244140622,130.16999816894528,128.5,128.97999572753906,127.66146087646484,100384500.0,0.03786828571428585
128.5,129.69000244140622,126.86000061035156,128.80000305175778,127.48331451416016,91951100.0,0.12331218274111688
128.75999450683594,131.44999694824222,128.49000549316406,130.88999938964844,129.55194091796878,88636800.0,0.182303081232493
130.80000305175778,131.0,128.75999450683594,128.91000366210938,127.59217834472656,90221800.0,0.16449506849315074
128.77999877929688,130.22000122070312,127.0,127.13999938964844,125.8402862548828,111598500.0,0.1395901069518717
,,,,,,0.25289590361445696
127.77999877929688,128.71000671386722,126.94000244140624,127.83000183105469,126.52322387695312,90757300.0,0.1576990074441686
128.66000366210938,132.49000549316406,128.55000305175778,132.02999877929688,130.68026733398438,104319500.0,0.22514999999999977
133.80000305175778,139.66999816894528,133.58999633789062,136.8699951171875,135.47079467773438,120150900.0,0.20868218085106377
136.27999877929688,139.85000610351562,135.02000427246094,139.07000732421878,137.64833068847656,114459400.0,0.1992092696629214
143.07000732421875,145.08999633789062,136.53999328613278,142.9199981689453,141.45895385742188,157611700.0,0.12129144736842107
143.60000610351562,144.3000030517578,141.3699951171875,143.16000366210938,141.69650268554688,98390600.0,0.08396280623608017
143.42999267578125,144.3000030517578,140.41000366210938,142.05999755859375,140.60772705078122,140843800.0,-0.06076507462686555
139.52000427246094,141.99000549316406,136.69999694824222,137.08999633789062,135.68855285644528,142621100.0,0.11672724358974361
135.83000183105472,136.74000549316406,130.21000671386722,131.96000671386722,130.61100769042972,177523800.0,0.28372371794871837
133.75,135.3800048828125,130.92999267578122,134.13999938964844,132.76873779296878,106239800.0,0.22618661202185836
135.72999572753906,136.30999755859378,134.61000061035156,134.99000549316406,133.61001586914062,83305400.0,0.21112492997198823
135.75999450683594,135.77000427246094,133.61000061035156,133.94000244140622,132.57075500488278,89880900.0,0.14377887700534764
136.30000305175778,137.39999389648438,134.58999633789062,137.38999938964844,135.98550415039062,84183100.0,0.11050421052631582
137.35000610351562,137.41999816894528,135.86000061035156,136.75999450683594,135.56419372558594,75693800.0,0.15086200607902736
136.02999877929688,136.96000671386722,134.91999816894528,136.91000366210938,135.712890625,71297200.0,0.18601394557823117
136.6199951171875,137.8800048828125,135.85000610351562,136.00999450683594,134.82077026367188,76774200.0,0.16778918918918906
136.47999572753906,136.99000549316406,134.39999389648438,135.38999938964844,134.2061767578125,73046600.0,0.09237757009345797
135.89999389648438,136.38999938964844,133.77000427246094,135.1300048828125,133.94847106933594,64280000.0,0.14895571955719547
134.35000610351562,135.52999877929688,133.69000244140622,135.3699951171875,134.18635559082028,60145100.0,0.15044026402640265
,,,,,,0.14218136986301372
135.49000549316406,136.00999450683594,132.78999328613278,133.19000244140622,132.02542114257812,80576300.0,0.09181104477611941
131.25,132.22000122070312,129.47000122070312,130.83999633789062,129.69598388671878,97918500.0,0.10427988505747122
129.19999694824222,130.0,127.41000366210938,129.71000671386722,128.57585144042972,96856700.0,0.13324367088607583
130.24000549316406,130.71000671386722,128.80000305175778,129.8699951171875,128.73443603515622,87668800.0,0.14431072463768113
128.00999450683594,129.72000122070312,125.5999984741211,126.0,124.8982925415039,103916400.0,-0.02760889570552148
123.76000213623048,126.70999908447266,118.38999938964844,125.86000061035156,124.759521484375,158273000.0,0.10528228571428565
124.94000244140624,125.55999755859376,122.2300033569336,125.3499984741211,124.25396728515624,111039900.0,0.14485236768802218
124.68000030517578,126.45999908447266,120.54000091552734,120.98999786376952,119.93209075927734,148199500.0,0.15464142011834303
122.58999633789062,124.8499984741211,121.1999969482422,121.26000213623048,120.1997299194336,164560400.0,0.08346210826210827
123.75,127.93000030517578,122.79000091552734,127.79000091552734,126.67263793945312,116307900.0,0.19452321981424128
128.41000366210938,128.72000122070312,125.01000213623048,125.12000274658205,124.02598571777344,102260900.0,0.11786355140186926
124.80999755859376,125.70999908447266,121.83999633789062,122.05999755859376,120.99274444580078,112966300.0,0.12686794871794868
121.75,123.5999984741211,118.62000274658205,120.12999725341795,119.0796127319336,178155000.0,0.0590860759493671
120.9800033569336,121.94000244140624,117.56999969482422,121.41999816894531,120.35832977294922,153766600.0,0.14841972222222227
120.93000030517578,121.0,116.20999908447266,116.36000061035156,115.34258270263672,154376600.0,0.13029825581395363
119.02999877929688,122.05999755859376,118.79000091552734,121.08999633789062,120.03121948242188,129525800.0,0.24819175627240145
121.69000244140624,122.16999816894531,119.4499969482422,119.9800033569336,118.9309310913086,111943300.0,0.10725079365079367
122.54000091552734,123.20999908447266,121.26000213623048,121.95999908447266,120.89362335205078,103026500.0,0.1485215517241379
120.4000015258789,121.16999816894531,119.16000366210938,121.02999877929688,119.97173309326172,88105100.0,0.19120958083832326
121.41000366210938,124.0,120.41999816894531,123.98999786376952,122.90586853027344,92403800.0,0.14747323529411765
125.6999969482422,127.22000122070312,124.72000122070312,125.56999969482422,124.4720458984375,115227900.0,0.18671832298136648
124.0500030517578,125.86000061035156,122.33999633789062,124.76000213623048,123.66913604736328,111932600.0,0.1416851174934727
122.87999725341795,123.18000030517578,120.31999969482422,120.52999877929688,119.47611236572266,121229700.0,0.18441323076923063
119.9000015258789,121.43000030517578,119.68000030517578,119.98999786376952,118.94084167480469,185549500.0,0.16948104575163403
120.33000183105469,123.87000274658205,120.26000213623048,123.38999938964844,122.31110382080078,111912300.0,0.17311452145214518
123.33000183105469,124.23999786376952,122.13999938964844,122.54000091552734,121.4685516357422,95467100.0,0.16751024930747926
122.81999969482422,122.9000015258789,120.06999969482422,120.08999633789062,119.03996276855469,88530500.0,0.07509941690962105
119.54000091552734,121.66000366210938,119.0,120.58999633789062,119.53558349609376,98844700.0,0.1669847507331376
120.3499984741211,121.4800033569336,118.91999816894531,121.20999908447266,120.15017700195312,94071200.0,0.1625287162162162
121.6500015258789,122.58000183105469,120.7300033569336,121.38999938964844,120.32860565185548,80819200.0,0.21585408805031428
120.11000061035156,120.4000015258789,118.86000061035156,119.9000015258789,118.85163116455078,85671900.0,0.15632704626334518
121.6500015258789,123.5199966430664,121.1500015258789,122.1500015258789,121.08194732666016,118323800.0,0.20537244094488163
123.66000366210938,124.18000030517578,122.48999786376952,123.0,121.92452239990234,75089100.0,0.1284506329113924
,,,,,,0.15026990881458968
123.87000274658205,126.16000366210938,123.06999969482422,125.9000015258789,124.79916381835938,88651200.0,0.2084438271604935
126.5,127.12999725341795,125.6500015258789,126.20999908447266,125.1064453125,80171300.0,0.2816485049833887
125.83000183105469,127.91999816894531,125.13999938964844,127.9000015258789,126.78166961669922,83466700.0,0.19331945205479445
128.94999694824222,130.38999938964844,128.52000427246094,130.36000061035156,129.22018432617188,88844600.0,0.16932787456445983
129.80000305175778,133.03999328613278,129.47000122070312,133.0,131.83706665039062,106686700.0,0.25694005847953194
132.52000427246094,132.85000610351562,130.6300048828125,131.24000549316406,130.09249877929688,91420000.0,0.21981179941002954
132.44000244140622,134.66000366210938,131.92999267578122,134.42999267578122,133.25459289550778,91266500.0,0.1255827044025157
134.94000244140622,135.0,131.66000366210938,132.02999877929688,130.87554931640622,87222800.0,0.13378584337349386
133.82000732421878,135.0,133.63999938964844,134.5,133.32395935058594,89347100.0,0.22354094955489587
134.30000305175778,134.66999816894528,133.27999877929688,134.16000366210938,132.98695373535156,84922400.0,0.12974177631578943
133.50999450683594,135.47000122070312,133.33999633789062,134.83999633789062,133.66098022460938,94264200.0,0.1686235649546827
135.02000427246094,135.52999877929688,131.80999755859378,133.11000061035156,131.94613647460938,94812300.0,0.14764213836477993
132.36000061035156,133.75,131.30000305175778,133.5,132.33271789550778,68847100.0,0.2508765243902436
133.03999328613278,134.14999389648438,131.41000366210938,131.94000244140622,130.78636169433594,84566500.0,0.2042439169139464
132.16000366210938,135.1199951171875,132.16000366210938,134.32000732421878,133.14555358886722,78657500.0,0.17190983606557367
134.83000183105472,135.05999755859378,133.55999755859378,134.72000122070312,133.54205322265622,66905100.0,0.18178686567164173
135.00999450683594,135.41000366210938,134.11000061035156,134.38999938964844,133.21492004394528,66015800.0,0.16552278106508864
134.30999755859378,135.02000427246094,133.08000183105472,133.58000183105472,132.41203308105472,107760100.0,0.21226759002770065
136.47000122070312,137.07000732421878,132.44999694824222,133.47999572753906,132.31288146972656,151101000.0,0.18605444743935273
131.77999877929688,133.55999755859378,131.07000732421878,131.46000671386722,130.310546875,109839500.0,0.1850582352941175
132.03999328613278,134.07000732421878,131.83000183105472,132.53999328613278,131.38108825683594,75135100.0,0.1296015060240963
131.19000244140622,131.49000549316406,126.6999969482422,127.8499984741211,126.73211669921876,137564700.0,0.11925704697986574
129.19999694824222,130.44999694824222,127.97000122070312,128.10000610351562,126.9799346923828,84000900.0,0.2238889937106917
127.88999938964844,129.75,127.12999725341795,129.74000549316406,128.60560607910156,78128300.0,0.21253457943925222
130.85000610351562,131.25999450683594,129.47999572753906,130.21000671386722,129.29072570800778,78973300.0,0.14306498422712932
129.41000366210938,129.53999328613278,126.80999755859376,126.8499984741211,125.95443725585938,88071200.0,0.07342824675324676
123.5,126.2699966430664,122.7699966430664,125.91000366210938,125.02108001708984,126142800.0,0.1659583081570995
123.4000015258789,124.63999938964844,122.25,122.7699966430664,121.90324401855469,112172300.0,0.05999633027522936
124.58000183105469,126.1500015258789,124.26000213623048,124.97000122070312,124.08771514892578,105861300.0,0.26087399999999983
126.25,127.88999938964844,125.8499984741211,127.4499969482422,126.5501937866211,81918000.0,0.14251100000000005
126.81999969482422,126.93000030517578,125.16999816894531,126.2699966430664,125.37852478027344,74244600.0,0.20169821958456957
126.55999755859376,126.98999786376952,124.77999877929688,124.8499984741211,123.96855926513672,63342900.0,0.18538874598070712
123.16000366210938,124.91999816894531,122.86000061035156,124.69000244140624,123.8096923828125,92612000.0,0.23681657142857132
125.2300033569336,127.72000122070312,125.0999984741211,127.30999755859376,126.41119384765624,76857100.0,0.16780575079872193
127.81999969482422,128.0,125.20999908447266,125.43000030517578,124.54447174072266,79295400.0,0.1713482384823848
126.01000213623048,127.94000244140624,125.94000244140624,127.0999984741211,126.20267486572266,63092900.0,0.1966830860534124
127.81999969482422,128.32000732421878,126.31999969482422,126.9000015258789,126.00408172607422,72009500.0,0.16945081521739122
126.95999908447266,127.38999938964844,126.41999816894531,126.8499984741211,125.95443725585938,56575900.0,0.16059972299168965
126.44000244140624,127.63999938964844,125.08000183105469,125.27999877929688,124.39552307128906,94625600.0,0.08744986449864496
125.56999969482422,125.8000030517578,124.5500030517578,124.61000061035156,123.73025512695312,71311100.0,0.15542763157894737
,,,,,,0.17176369636963687
125.08000183105469,125.3499984741211,123.94000244140624,124.27999877929688,123.402587890625,67637100.0,0.20848063583815019
124.27999877929688,125.23999786376952,124.0500030517578,125.05999755859376,124.17707824707031,59278900.0,0.20792941176470553
124.68000030517578,124.8499984741211,123.12999725341795,123.54000091552734,122.66780853271484,76229200.0,0.14682351274787525
124.06999969482422,126.16000366210938,123.8499984741211,125.88999938964844,125.001220703125,75169300.0,0.15246093750000006
126.16999816894531,126.31999969482422,124.83000183105469,125.9000015258789,125.01114654541016,71057600.0,0.1746997229916897
126.5999984741211,128.46000671386722,126.20999908447266,126.73999786376952,125.84521484375,74403800.0,0.16974123222748816
127.20999908447266,127.75,126.5199966430664,127.12999725341795,126.23245239257812,56877900.0,0.18675942028985507
127.0199966430664,128.19000244140622,125.94000244140624,126.11000061035156,125.21966552734376,71186400.0,0.11980433604336035
126.52999877929688,127.44000244140624,126.0999984741211,127.3499984741211,126.4509048461914,53522400.0,0.1695750788643533
127.81999969482422,130.53999328613278,127.06999969482422,130.47999572753906,129.55880737304688,96906500.0,0.22302288828337843
129.94000244140622,130.60000610351562,129.38999938964844,129.63999938964844,128.7247314453125,62746300.0,0.20201820448877778
130.3699951171875,130.88999938964844,128.46000671386722,130.14999389648438,129.23114013671878,91815000.0,0.20988770053475922
129.80000305175778,132.55000305175778,129.64999389648438,131.78999328613278,130.85957336425778,96721700.0,0.19944710327455908
130.71000671386722,131.50999450683594,130.24000549316406,130.46000671386722,129.53895568847656,108953300.0,0.18327643504531715
130.30000305175778,132.41000366210938,129.21000671386722,132.30000305175778,131.365966796875,79663300.0,0.24544460641399402
132.1300048828125,134.08000183105472,131.6199951171875,133.97999572753906,133.03408813476562,74783600.0,0.2112606683804625
133.77000427246094,134.32000732421878,133.22999572753906,133.69999694824222,132.75608825683594,60214200.0,0.29399534246575326
134.44999694824222,134.63999938964844,132.92999267578122,133.41000366210938,132.46810913085938,68711000.0,0.15660662824207483
133.46000671386722,133.88999938964844,132.80999755859378,133.11000061035156,132.17024230957028,70783700.0,0.34187077747989253
133.41000366210938,135.25,133.35000610351562,134.77999877929688,133.82844543457028,62111300.0,0.23247707736389686
134.80000305175778,136.49000549316406,134.35000610351562,136.33000183105472,135.36749267578122,64556100.0,0.20807147147147126
136.16999816894528,137.41000366210938,135.8699951171875,136.96000671386722,135.99307250976562,63261400.0,0.22169947916666635
136.60000610351562,137.33000183105472,135.75999450683594,137.27000427246094,136.30087280273438,52485800.0,0.29721724137931005
137.89999389648438,140.0,137.75,139.96000671386722,138.97187805175778,78852600.0,0.21107251655629136
,,,,,,0.21338699186991847
140.07000732421878,143.14999389648438,140.07000732421878,142.02000427246094,141.017333984375,108181800.0,0.13651020408163292
143.5399932861328,144.88999938964844,142.66000366210938,144.57000732421875,143.54933166503906,104911600.0,0.22412769230769217
141.5800018310547,144.05999755859375,140.66999816894528,143.24000549316406,142.2287139892578,105575500.0,0.23757682291666637
142.75,145.64999389648438,142.64999389648438,145.11000061035156,144.0855255126953,99890800.0,0.2648937329700271
146.2100067138672,146.32000732421875,144.0,144.5,143.47982788085938,76299700.0,0.20612713178294542
144.02999877929688,147.4600067138672,143.6300048828125,145.63999938964844,144.6117706298828,100827100.0,0.17286706948640485
148.10000610351562,149.57000732421875,147.67999267578125,149.14999389648438,148.09698486328125,127050800.0,0.13279384164222865
149.24000549316406,150.0,147.08999633789062,148.47999572753906,147.43173217773438,106820300.0,0.19216010101010084
148.4600067138672,149.75999450683594,145.8800048828125,146.38999938964844,145.3564910888672,93251400.0,0.17281284153005425
143.75,144.07000732421875,141.6699981689453,142.4499969482422,141.44430541992188,121434600.0,0.21501436619718295
143.4600067138672,147.10000610351562,142.9600067138672,146.14999389648438,145.11817932128906,96350000.0,0.18532886297376072
145.52999877929688,146.1300048828125,144.6300048828125,145.39999389648438,144.3734588623047,74993500.0,0.20770458221024238
145.94000244140625,148.1999969482422,145.80999755859375,146.8000030517578,145.76358032226562,77338200.0,0.2799332335329339
147.5500030517578,148.72000122070312,146.9199981689453,148.55999755859375,147.5111541748047,71447400.0,0.17820746666666665
148.27000427246094,149.8300018310547,147.6999969482422,148.99000549316406,147.93814086914062,72434100.0,0.16612964959568716
149.1199951171875,149.2100067138672,145.5500030517578,146.77000427246094,145.73379516601562,104818600.0,0.09643372781065093
144.80999755859375,146.97000122070312,142.5399932861328,144.97999572753906,143.9564208984375,118931200.0,0.17404185463659125
144.69000244140625,146.5500030517578,144.5800018310547,145.63999938964844,144.6117706298828,56699500.0,0.2626612980769225
144.3800048828125,146.3300018310547,144.11000061035156,145.86000061035156,144.83023071289062,70440600.0,0.22524961439588673
146.36000061035156,146.9499969482422,145.25,145.52000427246094,144.4926300048828,62880000.0,0.23595160349854227
145.80999755859375,148.0399932861328,145.17999267578125,147.36000061035156,146.31964111328125,64786600.0,0.16303604336043354
147.27000427246094,147.7899932861328,146.27999877929688,146.9499969482422,145.91253662109375,56368300.0,0.23645107398568
146.97999572753906,147.83999633789062,146.1699981689453,147.05999755859375,146.0217742919922,46397700.0,0.12384961832061063
146.35000610351562,147.11000061035156,145.6300048828125,146.13999938964844,145.32565307617188,54126800.0,0.17757942708333327
146.1999969482422,146.6999969482422,145.52000427246094,146.08999633789062,145.27593994140625,48908700.0,0.18939201877934256
146.44000244140625,147.7100067138672,145.3000030517578,145.60000610351562,144.78868103027344,69023100.0,0.17450335195530717
146.0500030517578,146.72000122070312,145.52999877929688,145.86000061035156,145.04722595214844,48493500.0,0.1770736263736262
146.19000244140625,149.0500030517578,145.83999633789062,148.88999938964844,148.06033325195312,72282600.0,0.21562915662650572
148.97000122070312,149.44000244140625,148.27000427246094,149.10000610351562,148.26918029785156,59375000.0,0.28740518134715
148.5399932861328,151.19000244140625,146.47000122070312,151.1199951171875,150.27789306640625,103296000.0,0.2292002624671913
150.22999572753906,151.67999267578125,149.08999633789062,150.19000244140625,149.3531036376953,92229700.0,0.14784387464387452
149.8000030517578,150.72000122070312,146.14999389648438,146.36000061035156,145.54441833496094,86326000.0,-0.06537965686274508
145.02999877929688,148.0,144.5,146.6999969482422,145.8825225830078,86960300.0,0.1736317848410758
147.44000244140625,148.5,146.77999877929688,148.19000244140625,147.36424255371094,60549600.0,0.20774760638297857
148.30999755859375,150.19000244140625,147.88999938964844,149.7100067138672,148.8757781982422,60131800.0,0.22571643835616415
149.4499969482422,150.86000061035156,149.14999389648438,149.6199951171875,148.7862548828125,48606400.0,0.2614554404145075
149.80999755859375,150.32000732421875,147.8000030517578,148.36000061035156,147.5332794189453,58991300.0,0.18906045918367337
148.35000610351562,149.1199951171875,147.50999450683594,147.5399932861328,146.71786499023438,48597200.0,0.14193116279069756
147.47999572753906,148.75,146.8300018310547,148.60000610351562,147.77197265625,55802400.0,0.21491275000000015
149.0,153.49000549316406,148.61000061035156,153.1199951171875,152.2667694091797,90956700.0,0.14008221024258766
152.66000366210938,152.8000030517578,151.2899932861328,151.8300018310547,150.98394775390625,86453100.0,0.22329736842105233
152.8300018310547,154.97999572753906,152.33999633789062,152.50999450683594,151.66015625,80313700.0,0.150589371980676
153.8699951171875,154.72000122070312,152.39999389648438,153.64999389648438,152.79380798339844,71115500.0,0.10858669833729213
153.75999450683594,154.6300048828125,153.08999633789062,154.3000030517578,153.440185546875,57808700.0,0.1775066831683167
,,,,,,0.23919354005167962
154.97000122070312,157.25999450683594,154.38999938964844,156.69000244140625,155.81687927246094,82278300.0,0.1881216145833333
156.97999572753906,157.0399932861328,153.97999572753906,155.11000061035156,154.2456817626953,74420200.0,0.11760944881889758
155.49000549316406,156.11000061035156,153.9499969482422,154.07000732421875,153.2114715576172,57305700.0,0.1884084832904882
155.0,155.47999572753906,148.6999969482422,148.97000122070312,148.13987731933594,140893200.0,0.10225804749340361
150.6300048828125,151.4199981689453,148.75,149.5500030517578,148.7166748046875,102404300.0,0.13609897698209716
150.35000610351562,151.07000732421875,146.91000366210938,148.1199951171875,147.29461669921875,109296300.0,0.21148511235955042
148.55999755859375,149.44000244140625,146.3699951171875,149.02999877929688,148.19955444335938,83281300.0,0.1981202597402596
148.44000244140625,148.97000122070312,147.22000122070312,148.7899932861328,147.9608917236328,68034100.0,0.24255401069518714
148.82000732421875,148.82000732421875,145.75999450683594,146.05999755859375,145.24609375,129868800.0,0.1361684065934065
143.8000030517578,144.83999633789062,141.27000427246094,142.94000244140625,142.14349365234375,123478900.0,0.17226041131105382
143.92999267578125,144.60000610351562,142.77999877929688,143.42999267578125,142.63075256347656,75834000.0,0.2204822942643393
144.4499969482422,146.42999267578125,143.6999969482422,145.85000610351562,145.03729248046875,76404300.0,0.23177702702702682
146.64999389648438,147.0800018310547,145.63999938964844,146.8300018310547,146.01182556152344,64838200.0,0.1787254691689007
145.66000366210938,147.47000122070312,145.55999755859375,146.9199981689453,146.101318359375,53477900.0,0.19561259445843807
145.47000122070312,145.9600067138672,143.82000732421875,145.3699951171875,144.55995178222656,74150700.0,0.21692506082725044
143.25,144.75,141.69000244140625,141.91000366210938,141.1192169189453,108972300.0,0.19503333333333323
142.47000122070312,144.4499969482422,142.02999877929688,142.8300018310547,142.03411865234375,74602000.0,0.21446744186046493
143.66000366210938,144.3800048828125,141.27999877929688,141.5,140.71153259277344,89056700.0,0.18261084337349387
141.89999389648438,142.9199981689453,139.11000061035156,142.64999389648438,141.8551025390625,94639600.0,0.27985826558265586
141.75999450683594,142.2100067138672,138.27000427246094,139.13999938964844,138.36466979980472,98322000.0,0.19238873626373634
139.49000549316406,142.24000549316406,139.36000061035156,141.11000061035156,140.32368469238278,80861100.0,0.2361061855670102
139.47000122070312,142.14999389648438,138.3699951171875,142.0,141.208740234375,83221100.0,0.11194744186046503
143.05999755859375,144.22000122070312,142.72000122070312,143.2899932861328,142.4915313720703,61732700.0,0.190151898734177
144.02999877929688,144.17999267578125,142.55999755859375,142.89999389648438,142.10369873046875,58773200.0,0.15654184210526303
142.27000427246094,144.80999755859375,141.80999755859375,142.80999755859375,142.01422119140625,64452200.0,0.23338139534883723
143.22999572753906,143.25,141.0399932861328,141.50999450683594,140.72146606445312,73035900.0,0.05738328767123288
141.24000549316406,141.39999389648438,139.19999694824222,140.91000366210938,140.12480163574222,78762700.0,0.17463225806451613
142.11000061035156,143.8800048828125,141.50999450683594,143.75999450683594,142.9589080810547,69907100.0,0.2490779255319146
143.77000427246094,144.89999389648438,143.50999450683594,144.83999633789062,144.03289794921875,67940300.0,0.17209186351706032
143.4499969482422,146.83999633789062,143.16000366210938,146.5500030517578,145.73336791992188,85589200.0,0.2561647355163724
147.00999450683594,149.1699981689453,146.5500030517578,148.75999450683594,147.93104553222656,76378900.0,0.1431207594936711
148.6999969482422,149.75,148.1199951171875,149.25999450683594,148.42828369140625,58418800.0,0.1970979746835441
148.80999755859375,149.63999938964844,147.8699951171875,149.47999572753906,148.64703369140625,61421000.0,0.12483467048710603
149.69000244140625,150.17999267578125,148.63999938964844,148.69000244140625,147.8614501953125,58883400.0,0.20472321428571405
148.67999267578125,149.3699951171875,147.6199951171875,148.63999938964844,147.8117218017578,50720600.0,0.21640752089136484
149.3300018310547,150.83999633789062,149.00999450683594,149.32000732421875,148.4879608154297,60893400.0,0.22513170731707316
149.36000061035156,149.72999572753906,148.49000549316406,148.85000610351562,148.02056884765625,56094900.0,0.18069843749999984
149.82000732421875,153.1699981689453,149.72000122070312,152.57000732421875,151.71983337402344,100077900.0,0.04746134969325152
147.22000122070312,149.94000244140625,146.41000366210938,149.8000030517578,148.96527099609375,124953200.0,0.13587290969899662
148.99000549316406,149.6999969482422,147.8000030517578,148.9600067138672,148.12994384765625,74588300.0,0.22885279187817203
148.66000366210938,151.57000732421875,148.64999389648438,150.02000427246094,149.18405151367188,69122000.0,0.21726692111959278
150.38999938964844,151.97000122070312,149.82000732421875,151.49000549316406,150.6458740234375,54511500.0,0.2469366504854364
151.5800018310547,152.42999267578125,150.63999938964844,150.9600067138672,150.1188201904297,60394600.0,0.23413995157384998
151.88999938964844,152.1999969482422,150.05999755859375,151.27999877929688,150.65658569335938,65463900.0,0.1758628808864264
151.41000366210938,151.57000732421875,150.16000366210938,150.44000244140625,149.8200225830078,55020900.0,0.2210767326732672
150.1999969482422,151.42999267578125,150.05999755859375,150.80999755859375,150.18850708007812,56787900.0,0.31938360277136285
150.02000427246094,150.1300048828125,147.85000610351562,147.9199981689453,147.31040954589844,65187100.0,0.16278268656716396
148.9600067138672,149.42999267578125,147.67999267578125,147.8699951171875,147.2606201171875,41000000.0,0.1630739946380696
148.42999267578125,150.39999389648438,147.47999572753906,149.99000549316406,149.3719024658203,63804000.0,0.18949927710843378
150.3699951171875,151.8800048828125,149.42999267578125,150.0,149.38185119628906,59222800.0,0.23214471544715437
149.94000244140625,151.49000549316406,149.33999633789062,151.0,150.3777313232422,59256200.0,0.19405294117647026
151.0,155.0,150.99000549316406,153.49000549316406,152.85748291015625,88807000.0,0.1929030555555554
153.7100067138672,158.6699981689453,153.0500030517578,157.8699951171875,157.21942138671875,137827700.0,0.19421866666666646
157.64999389648438,161.02000427246094,156.52999877929688,160.5500030517578,159.8883819580078,117305600.0,0.26869156976744163
161.67999267578125,165.6999969482422,161.0,161.02000427246094,160.3564453125,117467900.0,0.1628029154518949
161.1199951171875,161.8000030517578,159.05999755859375,161.41000366210938,160.7448272705078,96041900.0,0.2952319672131149
160.75,162.13999938964844,159.63999938964844,161.94000244140625,161.27264404296875,69463600.0,0.22809646017699078
,,,,,,0.2653790523690774
159.57000732421875,160.4499969482422,156.36000061035156,156.80999755859375,156.16378784179688,76959800.0,0.09956701298701322
159.3699951171875,161.19000244140625,158.7899932861328,160.24000549316406,159.5796661376953,88748200.0,0.26103734335839596
159.99000549316406,165.52000427246094,159.9199981689453,165.3000030517578,164.61880493164062,174048100.0,0.16131262376237612
167.47999572753906,170.3000030517578,164.52999877929688,164.77000427246094,164.0909881591797,152052500.0,0.1449440104166665
158.74000549316406,164.1999969482422,157.8000030517578,163.75999450683594,163.08514404296875,136739200.0,0.15224730392156857
164.02000427246094,164.9600067138672,159.72000122070312,161.83999633789062,161.17306518554688,118023100.0,0.13503280423280406
164.2899932861328,167.8800048828125,164.27999877929688,165.32000732421875,164.6387176513672,107497000.0,0.1575335839598996
169.0800018310547,171.5800018310547,168.33999633789062,171.17999267578125,170.4745635986328,120405400.0,0.11201012345679007
172.1300048828125,175.9600067138672,170.6999969482422,175.0800018310547,174.35850524902344,116998900.0,0.13974048780487805
174.91000366210938,176.75,173.9199981689453,174.55999755859375,173.84063720703125,108923700.0,0.12693100961538462
175.2100067138672,179.6300048828125,174.69000244140625,179.4499969482422,178.71047973632812,115402700.0,0.18911428571428546
181.1199951171875,182.1300048828125,175.52999877929688,175.74000549316406,175.01577758789062,153237000.0,0.13798563968668398
175.25,177.74000549316406,172.2100067138672,174.3300018310547,173.61158752441406,139380400.0,0.17882043596730238
175.11000061035156,179.5,172.30999755859375,179.3000030517578,178.5611114501953,131063300.0,0.126529411764706
179.27999877929688,181.13999938964844,170.75,172.25999450683594,171.5500946044922,150185800.0,0.1486221393034825
169.92999267578125,173.47000122070312,169.69000244140625,171.13999938964844,170.43472290039062,195432700.0,0.12582779156327528
168.27999877929688,170.5800018310547,167.4600067138672,169.75,169.0504608154297,107499100.0,0.19907462311557764
171.55999755859375,173.1999969482422,169.1199951171875,172.99000549316406,172.277099609375,91185900.0,0.18641294416243628
173.0399932861328,175.86000061035156,172.14999389648438,175.63999938964844,174.9161834716797,92135300.0,0.25966207951070347
175.85000610351562,176.85000610351562,175.27000427246094,176.27999877929688,175.5535430908203,68356600.0,0.22782857142857108
,,,,,,0.20853896457765647
177.08999633789062,180.4199981689453,177.07000732421875,180.3300018310547,179.5868682861328,74919600.0,0.19217729591836735
180.16000366210938,181.3300018310547,178.52999877929688,179.2899932861328,178.55113220214844,79144300.0,0.2148338983050848
179.3300018310547,180.6300048828125,178.13999938964844,179.3800048828125,178.64077758789062,62348900.0,0.2359136942675156
179.47000122070312,180.57000732421875,178.08999633789062,178.1999969482422,177.46563720703125,59773000.0,0.14502099737532803
178.08999633789062,179.22999572753906,177.25999450683594,177.57000732421875,176.8382568359375,64062300.0,0.19883216080402
177.8300018310547,182.8800048828125,177.7100067138672,182.00999450683597,181.25991821289062,104487900.0,0.18601612021857927
182.6300048828125,182.94000244140625,179.1199951171875,179.6999969482422,178.95944213867188,99310400.0,0.22274577259475187
179.61000061035156,180.1699981689453,174.63999938964844,174.9199981689453,174.19915771484375,94537600.0,0.12992005012531327
172.6999969482422,175.3000030517578,171.63999938964844,172.0,171.2911834716797,96904000.0,0.13519130434782603
172.88999938964844,174.13999938964844,171.02999877929688,172.1699981689453,171.4604949951172,86709100.0,0.1560758807588074
169.0800018310547,172.5,168.1699981689453,172.19000244140625,171.48040771484375,106765600.0,0.12093316582914568
172.32000732421875,175.17999267578125,170.82000732421875,175.0800018310547,174.35850524902344,76138300.0,0.15634352331606186
176.1199951171875,177.17999267578125,174.82000732421875,175.52999877929688,174.80662536621094,74805200.0,0.08023333333333331
175.77999877929688,176.6199951171875,171.7899932861328,172.19000244140625,171.48040771484375,84505800.0,0.08781985294117646
171.33999633789062,173.77999877929688,171.08999633789062,173.07000732421875,172.35679626464844,80440800.0,0.017510909090909084
,,,,,,0.019465013054830324
171.50999450683594,172.5399932861328,169.41000366210938,169.8000030517578,169.1002655029297,90956700.0,0.033066581632653066
170.0,171.0800018310547,165.94000244140625,166.22999572753906,165.5449676513672,94815000.0,0.10540891566265058
166.97999572753906,169.67999267578125,164.17999267578125,164.50999450683594,163.83206176757812,91420500.0,0.01636769230769231
164.4199981689453,166.3300018310547,162.3000030517578,162.41000366210938,161.74070739746094,122848900.0,0.04254825000000003
160.02000427246094,162.3000030517578,154.6999969482422,161.6199951171875,160.95396423339844,162294600.0,0.09101160714285712
158.97999572753906,162.75999450683594,157.02000427246094,159.77999877929688,159.12155151367188,115798400.0,0.14510691489361688
163.5,164.38999938964844,157.82000732421875,159.69000244140625,159.0319061279297,108275300.0,0.11403759999999985
162.4499969482422,163.83999633789062,158.27999877929688,159.22000122070312,158.5638427734375,121954600.0,0.18008290155440385
165.7100067138672,170.35000610351562,162.8000030517578,170.3300018310547,169.62808227539062,179935700.0,0.19793642384105942
170.16000366210938,175.0,169.50999450683594,174.77999877929688,174.05972290039062,115541600.0,0.18915090909090887
174.00999450683594,174.83999633789062,172.30999755859375,174.61000061035156,173.89044189453125,86213900.0,0.006557524271844676
174.75,175.8800048828125,173.3300018310547,175.83999633789062,175.1153564453125,84914300.0,0.10681750599520384
174.47999572753906,176.24000549316406,172.1199951171875,172.89999389648438,172.18746948242188,89418100.0,0.15444532019704424
171.67999267578125,174.10000610351562,170.67999267578125,172.38999938964844,171.8983154296875,82465400.0,0.11653736559139785
172.86000061035156,173.9499969482422,170.9499969482422,171.66000366210938,171.17039489746094,77251200.0,0.1921455927051672
171.72999572753906,175.35000610351562,171.42999267578125,174.8300018310547,174.33135986328125,74829200.0,0.18805698924731176
176.0500030517578,176.64999389648438,174.89999389648438,176.27999877929688,175.77720642089844,71285000.0,0.12734058679706592
174.13999938964844,175.47999572753906,171.5500030517578,172.1199951171875,171.6290740966797,90865900.0,0.1943599033816422
172.3300018310547,173.0800018310547,168.0399932861328,168.63999938964844,168.1590118408203,98670700.0,0.1322168316831683
167.3699951171875,169.5800018310547,166.55999755859375,168.8800048828125,168.39833068847656,86185500.0,0.16569497354497345
170.97000122070312,172.9499969482422,170.25,172.7899932861328,172.2971649169922,62527400.0,0.1882740196078431
171.85000610351562,173.33999633789062,170.0500030517578,172.5500030517578,172.057861328125,61177400.0,0.1582041975308641
171.02999877929688,171.91000366210938,168.47000122070312,168.8800048828125,168.39833068847656,69589300.0,0.18363880208333314
169.82000732421875,170.5399932861328,166.19000244140625,167.3000030517578,166.8228302001953,82772700.0,0.15068991825613068
,,,,,,0.12787563451776637
164.97999572753906,166.69000244140625,162.14999389648438,164.32000732421875,163.85133361816406,91162800.0,0.14330868486352352
165.5399932861328,166.14999389648438,159.75,160.07000732421875,159.61346435546875,90009200.0,0.1341553030303031
152.5800018310547,162.85000610351562,152.0,162.74000549316406,162.27584838867188,141147500.0,0.1615164835164835
163.83999633789062,165.1199951171875,160.8699951171875,164.85000610351562,164.37982177734375,91974200.0,0.06774078624078626
163.05999755859375,165.4199981689453,162.42999267578125,165.1199951171875,164.6490478515625,95056600.0,0.1502099737532807
164.6999969482422,166.60000610351562,161.97000122070312,163.1999969482422,162.73451232910156,83474400.0,0.09282292191435776
164.38999938964844,167.36000061035156,162.9499969482422,166.55999755859375,166.08494567871094,79724800.0,0.10428333333333333
168.47000122070312,168.91000366210938,165.5500030517578,166.22999572753906,165.75587463378906,76678400.0,0.10243144963144961
164.49000549316406,165.5500030517578,162.10000610351562,163.1699981689453,162.70460510253906,83737200.0,0.15041312649164673
163.36000061035156,165.02000427246094,159.0399932861328,159.3000030517578,158.8456573486328,96418800.0,0.12751781914893615
158.82000732421875,162.8800048828125,155.8000030517578,157.44000244140625,156.99095153808594,131148300.0,0.06509421965317921
161.47999572753906,163.41000366210938,159.41000366210938,162.9499969482422,162.4852294921875,91454900.0,0.14264341085271312
160.1999969482422,160.38999938964844,155.97999572753906,158.52000427246094,158.06788635253906,105342000.0,0.10923689839572188
158.92999267578125,159.27999877929688,154.5,154.72999572753906,154.28868103027344,96970100.0,0.0814225490196079
151.4499969482422,154.1199951171875,150.10000610351562,150.6199951171875,150.19039916992188,108732100.0,0.06921594594594596
150.89999389648438,155.57000732421875,150.3800048828125,155.08999633789062,154.64764404296875,92964300.0,0.17547407407407392
157.0500030517578,160.0,154.4600067138672,159.58999633789062,159.1348114013672,102300200.0,0.1512356968215157
158.61000061035156,161.0,157.6300048828125,160.6199951171875,160.16188049316406,75615400.0,0.15327746835443024
160.50999450683594,164.47999572753906,159.75999450683594,163.97999572753906,163.5122833251953,123511700.0,0.18299015957446785
163.50999450683594,166.35000610351562,163.00999450683594,165.3800048828125,164.90830993652344,95811400.0,0.1985539603960393
165.50999450683594,169.4199981689453,164.91000366210938,168.82000732421875,168.3385009765625,81532000.0,0.23605930521091772
167.99000549316406,172.63999938964844,167.64999389648438,170.2100067138672,169.7245330810547,98062700.0,0.15247527173913022
171.05999755859375,174.13999938964844,170.2100067138672,174.07000732421875,173.5735321044922,90131400.0,0.13658655913978493
173.8800048828125,175.27999877929688,172.75,174.72000122070312,174.22166442871094,80546200.0,0.19121228501228485
172.1699981689453,175.72999572753906,172.0,175.60000610351562,175.0991668701172,90371900.0,0.17816177215189863
176.69000244140625,179.00999450683594,176.33999633789062,178.9600067138672,178.44956970214844,100589400.0,0.2654649237472787
178.5500030517578,179.61000061035156,176.6999969482422,177.77000427246094,177.26296997070312,92633200.0,0.27141502347418045
177.83999633789062,178.02999877929688,174.39999389648438,174.61000061035156,174.1119842529297,103049300.0,0.20816363636363608
174.02999877929688,174.8800048828125,171.94000244140625,174.30999755859375,173.81283569335938,78751300.0,0.12023522167487682
174.57000732421875,178.49000549316406,174.44000244140625,178.44000244140625,177.93106079101562,76468400.0,0.14089516129032265
177.5,178.3000030517578,174.4199981689453,175.05999755859375,174.56069946289062,73401800.0,0.14015107398568025
172.36000061035156,173.6300048828125,170.1300048828125,171.8300018310547,171.3399200439453,89058800.0,0.13180139860139847
171.16000366210938,173.36000061035156,169.85000610351562,172.13999938964844,171.64901733398438,77594700.0,0.2160303921568624
171.77999877929688,171.77999877929688,169.1999969482422,170.08999633789062,169.60487365722656,76575500.0,0.15885259259259257
168.7100067138672,169.02999877929688,165.5,165.75,165.27725219726562,72246700.0,0.15219039812646365
168.02000427246094,169.8699951171875,166.63999938964844,167.66000366210938,167.1818084716797,79265200.0,0.16717355769230757
167.38999938964844,171.0399932861328,166.77000427246094,170.39999389648438,169.9139862060547,70618900.0,0.12693233830845763
170.6199951171875,171.27000427246094,165.0399932861328,165.2899932861328,164.8185577392578,75329400.0,0.13750626631853766
,,,,,,0.13939976190476178
163.9199981689453,166.60000610351562,163.57000732421875,165.07000732421875,164.5991973876953,69023900.0,0.22151560846560808
165.02000427246094,167.82000732421875,163.91000366210938,167.39999389648438,166.9225311279297,67723800.0,0.13265546874999992
168.75999450683594,168.8800048828125,166.10000610351562,167.22999572753906,166.75302124023438,67929800.0,0.17744772727272698
168.91000366210938,171.52999877929688,165.91000366210938,166.4199981689453,165.94532775878906,87227800.0,0.10686574999999998
166.4600067138672,167.8699951171875,161.5,161.7899932861328,161.3285369873047,84882400.0,0.1443694581280787
161.1199951171875,163.1699981689453,158.4600067138672,162.8800048828125,162.41543579101562,96046400.0,0.2431215102974818
162.25,162.33999633789062,156.72000122070312,156.8000030517578,156.352783203125,95623200.0,0.09732523809523805
155.91000366210938,159.7899932861328,155.3800048828125,156.57000732421875,156.12344360351562,88063200.0,0.20214216589861675
159.25,164.52000427246094,158.92999267578125,163.63999938964844,163.1732635498047,130216800.0,0.08120073710073711
161.83999633789062,166.1999969482422,157.25,157.64999389648438,157.20034790039062,131747600.0,0.09138593750000006
156.7100067138672,158.22999572753906,153.27000427246094,157.9600067138672,157.50946044921875,123055300.0,0.15915920745920742
158.14999389648438,160.7100067138672,156.32000732421875,159.47999572753906,159.02513122558594,88966500.0,0.20942136563876615
159.6699981689453,166.47999572753906,159.25999450683594,166.02000427246094,165.54649353027344,108256500.0,0.18762959183673475
163.85000610351562,164.0800018310547,154.9499969482422,156.77000427246094,156.3228759765625,130525300.0,0.13312880562060864
156.00999450683594,159.44000244140625,154.17999267578125,157.27999877929688,157.06182861328125,116124600.0,0.14628835616438307
154.92999267578125,155.8300018310547,151.49000549316406,152.05999755859375,151.8490753173828,131577900.0,0.070570942408377
155.52000427246094,156.74000549316406,152.92999267578125,154.50999450683594,154.29566955566406,115366700.0,0.19264441805225613
153.5,155.4499969482422,145.80999755859375,146.5,146.29678344726562,142689800.0,0.0827380597014926
142.77000427246094,146.1999969482422,138.80000305175778,142.55999755859375,142.36224365234375,182602000.0,0.12606636155606402
144.58999633789062,148.10000610351562,143.11000061035156,147.11000061035156,146.90594482421875,113990900.0,0.06910143198090694
145.5500030517578,147.52000427246094,144.17999267578125,145.5399932861328,145.33811950683594,86643800.0,0.14638378995433785
148.86000061035156,149.77000427246094,146.67999267578125,149.24000549316406,149.03298950195312,78336300.0,0.2047217603911979
146.85000610351562,147.36000061035156,139.89999389648438,140.82000732421875,140.62467956542972,109742900.0,0.11024383886255919
139.8800048828125,141.66000366210938,136.60000610351562,137.35000610351562,137.15948486328122,136095600.0,0.16583364705882347
139.08999633789062,140.69999694824222,132.61000061035156,137.58999633789062,137.39913940429688,137426100.0,0.1900955082742313
137.78999328613278,143.25999450683594,137.64999389648438,143.11000061035156,142.91148376464844,117726300.0,0.18564748201438847
140.80999755859375,141.97000122070312,137.33000183105472,140.36000061035156,140.16529846191406,104132700.0,0.09606635514018697
138.42999267578122,141.7899932861328,138.33999633789062,140.52000427246094,140.32508850097656,92482700.0,0.22039417475728154
137.38999938964844,144.33999633789062,137.13999938964844,143.77999877929688,143.58055114746094,90601500.0,0.21871722488038253
145.38999938964844,149.67999267578125,145.25999450683594,149.63999938964844,149.43243408203125,90978500.0,0.1503548693586699
,,,,,,0.23296261904761878
149.07000732421875,150.66000366210938,146.83999633789062,148.83999633789062,148.633544921875,103718400.0,0.20111894977168907
149.89999389648438,151.74000549316406,147.67999267578125,148.7100067138672,148.50372314453125,74286600.0,0.21703122065727662
147.8300018310547,151.27000427246094,146.86000061035156,151.2100067138672,151.00025939941406,72348100.0,0.18338976744186017
146.89999389648438,147.97000122070312,144.4600067138672,145.3800048828125,145.1783447265625,88570300.0,0.16123266331658273
147.02999877929688,148.57000732421875,144.89999389648438,146.13999938964844,145.93728637695312,71598400.0,0.060128411633109585
144.35000610351562,149.0,144.10000610351562,148.7100067138672,148.50372314453125,67808200.0,0.12472405660377361
148.5800018310547,149.8699951171875,147.4600067138672,147.9600067138672,147.75477600097656,53950200.0,0.14651144164759733
147.0800018310547,147.9499969482422,142.52999877929688,142.63999938964844,142.442138671875,69473000.0,0.14254315545243618
140.27999877929688,140.75999450683594,137.05999755859378,137.1300048828125,136.93978881835938,91437900.0,0.19173499999999974
132.8699951171875,135.19999694824222,131.44000244140622,131.8800048828125,131.69706726074222,122207100.0,0.12805531400966175
133.1300048828125,133.88999938964844,131.47999572753906,132.75999450683594,132.57583618164062,84784300.0,0.17068865740740743
134.28999328613278,137.33999633789062,132.16000366210938,135.42999267578122,135.24214172363278,91533000.0,0.1581436915887849
132.08000183105472,132.38999938964844,129.03999328613278,130.05999755859378,129.87959289550778,108123900.0,0.13608680203045687
130.07000732421878,133.08000183105472,129.80999755859378,131.55999755859378,131.37750244140622,134520300.0,0.16702945368171032
,,,,,,0.2453624145785876
133.41999816894528,137.05999755859378,133.32000732421878,135.8699951171875,135.68153381347656,81000500.0,0.19164766584766563
134.78999328613278,137.75999450683594,133.91000366210938,135.35000610351562,135.16226196289062,73409200.0,0.155239054726368
136.82000732421878,138.58999633789062,135.6300048828125,138.27000427246094,138.07820129394528,72433800.0,0.20525382775119602
139.89999389648438,141.91000366210938,139.77000427246094,141.66000366210938,141.4635009765625,89116800.0,0.18394097938144308
142.6999969482422,143.49000549316406,140.97000122070312,141.66000366210938,141.4635009765625,70207900.0,0.18419427207637215
142.1300048828125,143.4199981689453,137.32000732421878,137.44000244140622,137.24935913085938,67083400.0,-0.04952409638554217
137.46000671386722,140.66999816894528,136.66999816894528,139.22999572753906,139.036865234375,66242400.0,0.15700649038461517
137.25,138.3699951171875,133.77000427246094,136.72000122070312,136.53034973144528,98964500.0,0.1814231343283583
136.03999328613278,139.03999328613278,135.66000366210938,138.92999267578122,138.73727416992188,71051600.0,0.16136551724137924
,,,,,,0.21732088452088422
137.77000427246094,141.61000061035156,136.92999267578122,141.55999755859375,141.36363220214844,73353800.0,0.1659918848167538
141.35000610351562,144.1199951171875,141.0800018310547,142.9199981689453,142.7217559814453,74064300.0,0.15507182741116743
143.2899932861328,146.5500030517578,143.27999877929688,146.35000610351562,146.14700317382812,66253700.0,0.17659839999999985
145.25999450683594,147.5500030517578,145.0,147.0399932861328,146.83602905273438,64547800.0,0.22292568578553604
145.6699981689453,146.63999938964844,143.77999877929688,144.8699951171875,144.66903686523438,63141600.0,0.16351091314031174
145.75999450683594,148.4499969482422,145.0500030517578,145.86000061035156,145.6576690673828,77588800.0,0.19790959595959587
142.99000549316406,146.4499969482422,142.1199951171875,145.49000549316406,145.28819274902344,71185600.0,0.18248148148148127
144.0800018310547,148.9499969482422,143.25,148.47000122070312,148.26405334472656,78140700.0,0.20699007832898164
149.77999877929688,150.86000061035156,148.1999969482422,150.1699981689453,149.96170043945312,76259900.0,0.20845940860215034
150.74000549316406,151.57000732421875,146.6999969482422,147.07000732421875,146.86599731445312,81420900.0,0.08069257294429706
147.9199981689453,151.22999572753906,146.91000366210938,151.0,150.79054260253906,82982400.0,0.15422480818414316
151.1199951171875,153.72000122070312,150.3699951171875,153.0399932861328,152.8277130126953,64823400.0,0.09047037914691947
154.5,155.57000732421875,151.94000244140625,155.35000610351562,155.134521484375,65086600.0,0.1515253101736972
155.38999938964844,156.27999877929688,153.41000366210938,154.08999633789062,153.87625122070312,66675400.0,0.12192452830188664
154.00999450683594,155.0399932861328,152.27999877929688,152.9499969482422,152.7378387451172,53623900.0,0.11277380952380965
152.25999450683594,153.08999633789062,150.8000030517578,151.60000610351562,151.3897247314453,55138700.0,0.12242293144208036
152.5800018310547,157.3300018310547,152.16000366210938,156.7899932861328,156.572509765625,78620700.0,0.1386231527093596
156.97999572753906,157.63999938964844,154.41000366210938,157.35000610351562,157.13174438476562,81378700.0,0.1515851948051947
161.24000549316406,163.6300048828125,159.5,162.50999450683594,162.28457641601562,101786900.0,0.2451211886304907
161.00999450683594,163.58999633789062,160.88999938964844,161.50999450683594,161.2859649658203,67829400.0,0.18396769596199508
160.10000610351562,162.41000366210938,159.6300048828125,160.00999450683594,159.7880401611328,59907000.0,0.14331172248803833
160.83999633789062,166.58999633789062,160.75,166.1300048828125,165.89956665039062,82507500.0,0.21017541371158385
166.00999450683594,167.19000244140625,164.42999267578125,165.80999755859375,165.5800018310547,55474100.0,0.15373441396508722
163.2100067138672,165.85000610351562,163.0,165.35000610351562,165.35000610351562,56697000.0,0.12923367346938783
166.3699951171875,167.80999755859375,164.1999969482422,164.8699951171875,164.8699951171875,60276900.0,0.12388997668997663
164.02000427246094,165.82000732421875,163.25,164.9199981689453,164.9199981689453,63135500.0,0.12302153110047843
167.67999267578125,169.33999633789062,166.89999389648438,169.24000549316406,169.24000549316406,70170500.0,0.24224726027397223
170.05999755859375,170.99000549316406,168.19000244140625,168.49000549316406,168.49000549316406,57149200.0,0.2143649553571423
169.82000732421875,172.1699981689453,169.39999389648438,172.10000610351562,172.10000610351562,68039400.0,0.1727167410714284
171.52000427246094,173.38999938964844,171.35000610351562,173.19000244140625,173.19000244140625,54091700.0,0.1513032581453633
172.77999877929688,173.7100067138672,171.66000366210938,173.02999877929688,173.02999877929688,56377100.0,0.18271035353535336
172.77000427246094,176.14999389648438,172.57000732421875,174.5500030517578,174.5500030517578,79542000.0,0.17620283018867888
173.75,174.89999389648438,173.1199951171875,174.14999389648438,174.14999389648438,62290100.0,0.21874493087557567
173.02999877929688,173.74000549316406,171.30999755859375,171.52000427246094,171.52000427246094,70346300.0,0.16260853658536573
169.69000244140625,169.86000061035156,167.13999938964844,167.57000732421875,167.57000732421875,69026800.0,0.19339627039627014
167.0800018310547,168.7100067138672,166.64999389648438,167.22999572753906,167.22999572753906,54147100.0,0.15958175355450252
167.32000732421875,168.11000061035156,166.25,167.52999877929688,167.52999877929688,53841500.0,0.21963333333333335
168.77999877929688,170.13999938964844,168.35000610351562,170.02999877929688,170.02999877929688,51218200.0,0.1723896551724139
170.57000732421875,171.0500030517578,163.55999755859375,163.6199951171875,163.6199951171875,78961000.0,0.17995657276995303
161.14999389648438,162.89999389648438,159.82000732421875,161.3800048828125,161.3800048828125,73314000.0,0.20522512437810936
162.1300048828125,162.55999755859375,157.72000122070312,158.91000366210938,158.91000366210938,77906200.0,0.15815444191343953
160.30999755859375,160.5800018310547,157.13999938964844,157.22000122070312,157.22000122070312,87991100.0,0.1148531914893617
156.63999938964844,158.4199981689453,154.6699981689453,157.9600067138672,157.9600067138672,74229900.0,0.16308153477218218
159.75,160.36000061035156,154.97000122070312,155.80999755859375,155.80999755859375,76905200.0,0.16939604651162782
,,,,,,0.19196331775700903
156.47000122070312,157.08999633789062,153.69000244140625,154.52999877929688,154.52999877929688,73714800.0,0.1807130864197528
154.82000732421875,156.6699981689453,153.61000061035156,155.9600067138672,155.9600067138672,87449600.0,0.10285340050377827
154.63999938964844,156.36000061035156,152.67999267578125,154.4600067138672,154.4600067138672,84923800.0,0.17526237373737347
155.47000122070312,157.82000732421875,154.75,157.3699951171875,157.3699951171875,68028800.0,0.15845666666666652
159.58999633789062,164.25999450683594,159.3000030517578,163.42999267578125,163.42999267578125,104956000.0,0.19856460674157297
159.89999389648438,160.5399932861328,153.3699951171875,153.83999633789062,153.83999633789062,122656600.0,0.18068300492610828
154.7899932861328,157.10000610351562,153.61000061035156,155.30999755859375,155.30999755859375,87965400.0,0.3171203271028033
154.64999389648438,155.24000549316406,151.3800048828125,152.3699951171875,152.3699951171875,90481100.0,0.15306355140186903
151.2100067138672,151.35000610351562,148.3699951171875,150.6999969482422,150.6999969482422,162157000.0,0.19275918854415255
149.30999755859375,154.55999755859375,149.10000610351562,154.47999572753906,154.47999572753906,81474200.0,0.17100387409200976
153.39999389648438,158.0800018310547,153.0800018310547,156.89999389648438,156.89999389648438,107689800.0,0.13953740831295838
157.33999633789062,158.74000549316406,153.60000610351562,153.72000122070312,153.72000122070312,101696800.0,0.1626519582245431
152.3800048828125,154.47000122070312,150.91000366210938,152.74000549316406,152.74000549316406,86652500.0,0.1621189125295506
151.19000244140625,151.47000122070312,148.55999755859375,150.42999267578125,150.42999267578125,95939200.0,0.23130849999999992
149.66000366210938,153.77000427246094,149.63999938964844,150.77000427246094,150.77000427246094,93339400.0,0.27098345864661655
152.74000549316406,154.72000122070312,149.9499969482422,151.75999450683594,151.75999450683594,84442700.0,0.1951058823529412
147.63999938964844,150.63999938964844,144.83999633789062,149.83999633789062,149.83999633789062,146691400.0,0.1939149732620319
146.10000610351562,146.72000122070312,140.67999267578122,142.47999572753906,142.47999572753906,128138200.0,0.19757249283667588
141.27999877929688,143.10000610351562,138.0,138.19999694824222,138.19999694824222,124705400.0,0.1416419191919191
138.21000671386722,143.07000732421875,137.69000244140622,142.4499969482422,142.4499969482422,114311700.0,0.1421785326086955
145.02999877929688,146.22000122070312,144.25999450683594,146.10000610351562,146.10000610351562,87830100.0,0.24119681818181804
144.07000732421875,147.3800048828125,143.00999450683594,146.39999389648438,146.39999389648438,79471000.0,0.2780599999999996
145.80999755859375,147.5399932861328,145.22000122070312,145.42999267578125,145.42999267578125,68402200.0,0.22371594202898523
142.5399932861328,143.10000610351562,139.44999694824222,140.08999633789062,140.08999633789062,85859100.0,0.299456971153846
140.41999816894528,141.88999938964844,138.57000732421878,140.41999816894528,140.41999816894528,74899000.0,0.14968958837772392
139.89999389648438,141.35000610351562,138.22000122070312,138.97999572753906,138.97999572753906,77033700.0,0.16870475
139.1300048828125,140.36000061035156,138.16000366210938,138.33999633789062,138.33999633789062,70433700.0,0.14473121827411162
134.99000549316406,143.58999633789062,134.3699951171875,142.99000549316406,142.99000549316406,113224000.0,0.18417409326424874
144.30999755859375,144.52000427246094,138.19000244140622,138.3800048828125,138.3800048828125,88512300.0,0.17145571095571102
141.07000732421875,142.89999389648438,140.27000427246094,142.41000366210938,142.41000366210938,85250900.0,0.2791921760391195
145.49000549316406,146.6999969482422,140.61000061035156,143.75,143.75,99136600.0,0.18481041162227568
141.69000244140625,144.9499969482422,141.5,143.86000061035156,143.86000061035156,61758300.0,0.3433340000000001
143.02000427246094,145.88999938964844,142.64999389648438,143.38999938964844,143.38999938964844,64522000.0,0.2544834146341462
142.8699951171875,147.85000610351562,142.64999389648438,147.27000427246094,147.27000427246094,86464700.0,0.2505972972972973
147.19000244140625,150.22999572753906,146.0,149.4499969482422,149.4499969482422,75981900.0,0.233547010869565
150.08999633789062,152.49000549316406,149.36000061035156,152.33999633789062,152.33999633789062,74732300.0,0.09661705426356589
150.9600067138672,151.99000549316406,148.0399932861328,149.35000610351562,149.35000610351562,88194300.0,0.1370454320987653
,,,,,,0.12273711340206171
