Open,High,Low,Close,Adj Close,Volume,compound
,,,,,,0.15459552238805968
,,,,,,0.20755544871794854
,,,,,,0.2451209302325579
,,,,,,0.14599754601227
,,,,,,0.2372564189189187
,,,,,,0.2095959064327484
,,,,,,0.20987180232558117
,,,,,,0.21688475609756097
,,,,,,0.21514874213836468
,,,,,,0.1546419452887537
,,,,,,0.21828741935483872
,,,,,,0.14884857142857133
,,,,,,0.1901917647058823
,,,,,,0.18546184615384628
,,,,,,0.16015783475783485
,,,,,,0.12422132132132127
,,,,,,0.227638080495356
,,,,,,0.22792356321839077
,,,,,,0.26206867469879486
,,,,,,0.1671840624999999
,,,,,,0.18654927953890457
,,,,,,0.19839281250000004
,,,,,,0.15041588235294093
,,,,,,0.1748238095238095
,,,,,,0.19620060790273533
,,,,,,0.1819184713375795
,,,,,,0.21300296052631568
,,,,,,0.19434582043343634
,,,,,,0.1932031791907513
,,,,,,0.2276131868131867
,,,,,,0.1786042424242423
,,,,,,0.13424680134680128
,,,,,,0.18313288135593214
,,,,,,0.19652999999999973
,,,,,,0.26953416149068327
,,,,,,0.15561277955271569
,,,,,,0.1632469325153375
,,,,,,0.11493440233236148
,,,,,,0.17082848297213615
,,,,,,0.19880482315112535
,,,,,,0.2351100278551533
,,,,,,0.21848018292682903
,,,,,,0.30292120343839535
,,,,,,0.17853175675675664
,,,,,,0.3187097178683383
,,,,,,0.18267266666666662
,,,,,,0.28741122112211187
,,,,,,0.331278223495701
,,,,,,0.18811003236245952
,,,,,,0.160573786407767
,,,,,,0.21132345679012352
,,,,,,0.16892969187675086
,,,,,,0.21599972222222222
,,,,,,0.2557815028901735
,,,,,,0.1834507894736842
,,,,,,0.22053901734104042
,,,,,,0.14870142045454546
,,,,,,0.18493895348837186
,,,,,,0.16832577903682716
,,,,,,0.1918114613180515
,,,,,,0.27393492957746457
,,,,,,0.2547115044247786
,,,,,,0.15425420054200528
,,,,,,0.19385993485341996
,,,,,,0.23270682492581604
,,,,,,0.22933981762917927
,,,,,,0.16375015576323979
,,,,,,0.23474023323615156
,,,,,,0.1747636904761904
,,,,,,0.16792082111436937
,,,,,,0.1762686900958466
,,,,,,0.19007387387387398
,,,,,,0.21278910614525107
,,,,,,0.18413873626373606
,,,,,,0.22892711864406756
,,,,,,0.19578461538461533
,,,,,,0.1735558746736292
,,,,,,0.06692486338797816
,,,,,,0.17636216931216922
,,,,,,0.2166585635359116
,,,,,,0.23893107344632764
,,,,,,0.21743929712460036
,,,,,,0.18874461152882166
,,,,,,0.17258586666666673
,,,,,,0.22501648044692735
,,,,,,0.1633865229110511
,,,,,,0.17932261904761898
,,,,,,0.14281221122112195
,,,,,,0.19812253521126758
,,,,,,0.3112536458333329
,,,,,,0.18709699453551887
,,,,,,0.16403046153846146
,,,,,,0.22796842105263138
,,,,,,0.21733270777479877
,,,,,,0.24057227138643056
,,,,,,0.13050388059701484
,,,,,,0.15174710982658957
,,,,,,0.19312908011869417
,,,,,,0.00921323943661977
,,,,,,0.0927844311377246
,,,,,,0.12428617886178868
,,,,,,0.14793243243243231
,,,,,,0.05249559228650144
,,,,,,0.15853760445682433
,,,,,,0.15190482954545462
,,,,,,0.1572421364985163
,,,,,,0.19169309309309326
,,,,,,0.1972959537572254
,,,,,,0.3466978260869569
,,,,,,0.16790679886685547
,,,,,,0.19226563380281692
,,,,,,0.22556894409937867
,,,,,,0.14651100323624586
,,,,,,0.1825256064690027
,,,,,,0.26281931216931215
,,,,,,0.05359572649572645
,,,,,,0.20856078431372535
,,,,,,0.18396273291925455
,,,,,,0.1645328859060402
,,,,,,0.17295192878338259
,,,,,,0.1678352071005915
,,,,,,0.24035714285714294
,,,,,,0.1386240579710143
,,,,,,0.17347945619335345
,,,,,,0.18938985074626857
,,,,,,0.18154668587896242
,,,,,,0.15067999999999995
,,,,,,0.14909737704918014
,,,,,,0.2169052795031055
,,,,,,0.27574346504559216
,,,,,,0.1568245901639345
,,,,,,0.18859558823529415
,,,,,,0.1467067484662577
,,,,,,0.2029294642857141
,,,,,,0.18029630872483215
,,,,,,0.26161241610738195
,,,,,,0.18433060606060594
,,,,,,0.14759682080924852
,,,,,,0.1115061764705882
,,,,,,0.2150165217391301
,,,,,,0.16921225806451617
,,,,,,0.14685289855072456
,,,,,,0.27107387096774177
,,,,,,0.17816932907348218
,,,,,,0.19408676923076917
,,,,,,0.19477759197324418
,,,,,,0.1275644067796608
,,,,,,0.14330510510510516
,,,,,,0.16835525525525513
,,,,,,0.2457787974683543
,,,,,,0.22122154882154876
,,,,,,0.20091711409395974
,,,,,,0.10813353293413167
,,,,,,0.18821557632398755
,,,,,,0.170576038338658
,,,,,,0.10289910447761184
,,,,,,0.15049161490683222
,,,,,,0.1759447674418603
,,,,,,0.14181889250814317
,,,,,,0.4561786486486485
,,,,,,0.2642911585365854
,,,,,,0.20471039325842677
,,,,,,0.1899216292134831
,,,,,,0.2321285266457679
,,,,,,0.26654986737400527
,,,,,,0.16346142857142845
,,,,,,0.15653213213213213
,,,,,,0.1973822499999999
,,,,,,0.17652392857142843
,,,,,,0.18416047904191604
,,,,,,0.20392765957446798
,,,,,,0.2331524999999998
,,,,,,0.16093456790123456
,,,,,,0.15868148148148137
,,,,,,0.204437037037037
,,,,,,0.2846301538461538
,,,,,,0.16602323232323238
,,,,,,0.14811146496815286
,,,,,,0.1491064935064935
,,,,,,0.2194648083623694
,,,,,,0.27662656249999973
,,,,,,0.19045895522388062
,,,,,,0.16392235772357722
,,,,,,0.22144019933554787
,,,,,,0.2317364261168384
,,,,,,0.21153290322580634
,,,,,,0.15644499999999986
,,,,,,-0.059703478260869566
,,,,,,0.13416084337349393
,,,,,,0.19555157232704395
,,,,,,0.17088520900321544
,,,,,,0.174274492753623
,,,,,,0.21382012012011983
,,,,,,0.2132426829268291
,,,,,,0.14777609561752994
,,,,,,0.1640796238244512
,,,,,,0.23240650887573946
,,,,,,0.22221968253968233
,,,,,,0.18190343642611684
,,,,,,0.1470093247588424
,,,,,,0.16053553459119496
,,,,,,0.21943221476510047
,,,,,,0.28287055214723894
,,,,,,0.210235922330097
,,,,,,0.20766379928315404
,,,,,,0.13138006535947702
,,,,,,0.13262848101265814
,,,,,,0.1413977635782746
,,,,,,0.1361855882352941
,,,,,,0.33891456582633006
,,,,,,0.1841603389830507
,,,,,,0.11826096096096074
,,,,,,0.17851415662650605
,,,,,,0.21437777777777778
,,,,,,0.13034591194968542
,,,,,,0.23889786476868313
,,,,,,0.11839451612903233
,,,,,,0.3097810810810805
,,,,,,0.2207301587301586
,,,,,,0.3068021538461534
,,,,,,0.2660042424242419
,,,,,,0.17331757575757567
,,,,,,0.2539641176470587
,,,,,,0.08689396825396825
,,,,,,0.2634243827160489
,,,,,,0.10091317365269464
,,,,,,0.15892431610942234
,,,,,,0.15439710144927526
,,,,,,0.17968156862745102
,,,,,,0.21667475409836054
,,,,,,0.27056687116564404
,,,,,,0.2145702614379085
,,,,,,0.2234351535836176
,,,,,,0.2449126543209875
,,,,,,0.3706785498489428
,,,,,,0.15475322033898303
,,,,,,0.19243687707641194
,,,,,,0.22888294314381274
,,,,,,0.21384521072796922
,,,,,,0.14565239852398523
,,,,,,0.18880485074626852
,,,,,,0.23568431372549015
,,,,,,0.22140531914893605
100.0,100.0,100.0,100.0,100.0,0.0,0.1922642622950817
100.0,100.0,100.0,100.0,100.0,0.0,0.18409575289575278
100.02999877929688,100.04000091552734,99.99500274658205,99.99500274658205,99.99500274658205,10725.0,0.1551423948220065
100.01000213623048,100.02999877929688,100.01000213623048,100.02999877929688,100.02999877929688,10080.0,0.1553324817518247
99.9499969482422,99.95999908447266,99.91999816894531,99.91999816894531,99.91999816894531,6350.0,0.21023663366336642
99.98999786376952,99.99500274658205,99.9717025756836,99.99500274658205,99.99500274658205,650.0,0.24818218749999996
99.97000122070312,99.9800033569336,99.94000244140624,99.94000244140624,99.94000244140624,1820.0,0.17515929487179488
99.95999908447266,99.97000122070312,99.94000244140624,99.94000244140624,99.94000244140624,5685.0,0.23932175438596476
99.97899627685548,99.98999786376952,99.96320343017578,99.96499633789062,99.96499633789062,3635.0,0.22843195876288638
100.0,100.0,99.9749984741211,99.9749984741211,99.9749984741211,3985.0,0.1203944881889763
100.0,100.0,99.94499969482422,99.94499969482422,99.94499969482422,3312.0,0.2090592067988667
99.9499969482422,99.95999908447266,99.9250030517578,99.9250030517578,99.9250030517578,2135.0,0.17780109289617482
99.91000366210938,99.91999816894531,99.88999938964844,99.88999938964844,99.88999938964844,126687.0,0.1784905198776758
99.84709930419922,99.84709930419922,99.84709930419922,99.84709930419922,99.84709930419922,29.0,0.1807999999999999
99.83999633789062,99.83999633789062,99.82430267333984,99.82430267333984,99.82430267333984,320.0,0.25662177914110407
99.77999877929688,99.77999877929688,99.75,99.75,99.75,5600.0,0.25581821192052956
99.80999755859376,99.80999755859376,99.79000091552734,99.79000091552734,99.79000091552734,4617.0,0.18073300330032985
99.88999938964844,99.88999938964844,99.86000061035156,99.86000061035156,99.86000061035156,3900.0,0.2140352760736196
99.93000030517578,99.93000030517578,99.91500091552734,99.91500091552734,99.91500091552734,710.0,0.13660238805970143
99.91000366210938,99.91000366210938,99.88500213623048,99.88500213623048,99.88500213623048,704.0,0.19905582822085885
99.81999969482422,99.81999969482422,99.7699966430664,99.7699966430664,99.7699966430664,830.0,0.1594206293706293
99.69989776611328,99.69989776611328,99.69989776611328,99.69989776611328,99.69989776611328,29.0,0.19774071661237774
99.70240020751952,99.70240020751952,99.70240020751952,99.70240020751952,99.70240020751952,1.0,0.18987094801223217
99.66500091552734,99.66500091552734,99.66500091552734,99.66500091552734,99.66500091552734,1.0,0.20552129032258046
99.95999908447266,99.9800033569336,99.95899963378906,99.97480010986328,99.97480010986328,2561.0,0.3348927152317881
99.99870300292969,99.99870300292969,99.99870300292969,99.99870300292969,99.99870300292969,1.0,0.14066821192052972
99.88999938964844,99.94000244140624,99.88999938964844,99.90480041503906,99.90480041503906,1001.0,0.23152476780185746
99.70999908447266,99.74629974365234,99.70099639892578,99.74629974365234,99.74629974365234,4126.0,0.252628025477707
99.68900299072266,99.68900299072266,99.63999938964844,99.63999938964844,99.63999938964844,100.0,0.22743869863013708
99.66899871826172,99.66999816894531,99.6552963256836,99.6552963256836,99.6552963256836,1004.0,0.17321925465838509
99.78900146484376,99.79000091552734,99.77410125732422,99.77410125732422,99.77410125732422,4256.0,0.13764107142857138
99.77059936523438,99.77059936523438,99.77059936523438,99.77059936523438,99.77059936523438,1.0,0.21014380952380954
99.79900360107422,99.8000030517578,99.7699966430664,99.7699966430664,99.7699966430664,876.0,0.1880232704402516
99.8499984741211,99.8499984741211,99.8499984741211,99.8499984741211,99.8499984741211,1.0,0.16940691823899368
99.8499984741211,99.8499984741211,99.8499984741211,99.8499984741211,99.8499984741211,1.0,0.20123954983922815
99.88999938964844,99.88999938964844,99.88999938964844,99.88999938964844,99.88999938964844,1.0,0.18442205438066459
99.91000366210938,99.94000244140624,99.91000366210938,99.91500091552734,99.91500091552734,4981.0,0.1763130699088146
99.89900207519531,99.9000015258789,99.88500213623048,99.88500213623048,99.88500213623048,553.0,0.017711242603550302
99.88500213623048,99.88500213623048,99.88500213623048,99.88500213623048,99.88500213623048,1.0,0.2752213375796176
99.95999908447266,99.95999908447266,99.91000366210938,99.91000366210938,99.91000366210938,701.0,0.14806442953020132
,,,,,,0.18993966101694906
99.98999786376952,99.98999786376952,99.98999786376952,99.98999786376952,99.98999786376952,1.0,0.23194369230769213
100.06999969482422,100.06999969482422,100.04499816894531,100.04499816894531,100.04499816894531,2066.0,0.186130395136778
99.87999725341795,99.91899871826172,99.87999725341795,99.90059661865234,99.90059661865234,1100.0,0.18607018633540373
99.875,99.875,99.875,99.875,99.875,1.0,0.19992515923566853
99.9749984741211,99.9749984741211,99.9749984741211,99.9749984741211,99.9749984741211,1.0,0.21487272727272713
99.86080169677734,99.86080169677734,99.86080169677734,99.86080169677734,99.86080169677734,1.0,0.19204598765432096
99.9800033569336,99.9800033569336,99.95500183105469,99.95500183105469,99.95500183105469,1800.0,0.15252593856655278
100.00900268554688,100.00900268554688,99.97000122070312,99.97000122070312,99.97000122070312,1303.0,0.16019321533923295
99.86000061035156,99.86000061035156,99.84500122070312,99.8550033569336,99.8550033569336,1650.0,0.22349455252918285
99.91000366210938,99.9499969482422,99.9031982421875,99.93000030517578,99.93000030517578,3907.0,0.1325862876254181
100.01609802246094,100.01609802246094,100.01609802246094,100.01609802246094,100.01609802246094,33.0,0.18227049689441005
100.0189971923828,100.0199966430664,99.99500274658205,99.99500274658205,99.99500274658205,425.0,0.15011965517241369
100.01000213623048,100.01000213623048,100.00499725341795,100.00499725341795,100.00499725341795,1351.0,0.23583366336633663
100.00499725341795,100.00499725341795,100.00499725341795,100.00499725341795,100.00499725341795,39.0,0.21592079510703355
100.08999633789062,100.08999633789062,99.99500274658205,99.99500274658205,99.99500274658205,1218.0,0.25268762886597934
100.0000991821289,100.0000991821289,99.98500061035156,99.98500061035156,99.98500061035156,1000.0,0.26847552870090635
99.98899841308594,99.98999786376952,99.96009826660156,99.96009826660156,99.96009826660156,2345.0,0.14479814814814818
100.02999877929688,100.02999877929688,100.02999877929688,100.02999877929688,100.02999877929688,10.0,0.18567694704049828
99.98999786376952,100.0,99.98999786376952,99.99009704589844,99.99009704589844,1414.0,0.17632680412371124
100.02670288085938,100.02670288085938,100.02670288085938,100.02670288085938,100.02670288085938,2.0,0.19358544776119394
,,,,,,0.2628833333333328
100.06300354003906,100.06300354003906,100.06300354003906,100.06300354003906,100.06300354003906,2.0,0.1639355555555556
100.06500244140624,100.06500244140624,100.06500244140624,100.06500244140624,100.06500244140624,2.0,0.14136755852842814
100.10459899902344,100.10459899902344,100.10459899902344,100.10459899902344,100.10459899902344,2.0,0.2421405693950176
100.16000366210938,100.16000366210938,100.15499877929688,100.15499877929688,100.15499877929688,102.0,0.20912059800664443
,,,,,,0.21740061728395044
100.1229019165039,100.1229019165039,100.1229019165039,100.1229019165039,100.1229019165039,2.0,0.17335120274914093
100.05999755859376,100.07990264892578,100.0500030517578,100.0500030517578,100.0500030517578,751.0,0.15918547297297303
99.85900115966795,99.87460327148438,99.85900115966795,99.87460327148438,99.87460327148438,109.0,0.0855855263157895
99.83000183105469,99.83000183105469,99.78500366210938,99.8136978149414,99.8136978149414,2099.0,0.26321324503311244
99.7249984741211,99.7249984741211,99.7249984741211,99.7249984741211,99.7249984741211,3.0,0.3553454022988503
99.66500091552734,99.66500091552734,99.66500091552734,99.66500091552734,99.66500091552734,1.0,0.23909225352112665
99.66470336914062,99.66470336914062,99.66470336914062,99.66470336914062,99.66470336914062,1.0,0.2408773279352225
99.75689697265624,99.75689697265624,99.75689697265624,99.75689697265624,99.75689697265624,66.0,0.20335079365079353
99.81999969482422,99.81999969482422,99.72699737548828,99.72699737548828,99.72699737548828,333.0,0.1811481203007517
99.80770111083984,99.80770111083984,99.80770111083984,99.80770111083984,99.80770111083984,1.0,0.2540884615384615
,,,,,,0.1925350453172205
99.83499908447266,99.83499908447266,99.83499908447266,99.83499908447266,99.83499908447266,2.0,0.19727222222222224
99.83570098876952,99.83570098876952,99.83570098876952,99.83570098876952,99.83570098876952,3.0,0.21283826714801451
99.79499816894531,99.79499816894531,99.79499816894531,99.79499816894531,99.79499816894531,193.0,0.32801828908554514
99.83489990234376,99.83489990234376,99.83489990234376,99.83489990234376,99.83489990234376,66.0,0.23387704918032795
99.91719818115234,99.91719818115234,99.91719818115234,99.91719818115234,99.91719818115234,66.0,0.18394470198675497
99.9499969482422,99.9499969482422,99.88999938964844,99.91500091552734,99.91500091552734,841.0,0.2465498327759196
99.89630126953124,99.89630126953124,99.89630126953124,99.89630126953124,99.89630126953124,1.0,0.2536006578947367
99.85489654541016,99.85489654541016,99.85489654541016,99.85489654541016,99.85489654541016,1.0,0.15341880877742942
99.8489990234375,99.84929656982422,99.8489990234375,99.84929656982422,99.84929656982422,1503.0,0.21973120300751892
99.87999725341795,99.87999725341795,99.87100219726562,99.87100219726562,99.87100219726562,702.0,0.22642413793103439
99.80960083007812,99.80960083007812,99.80960083007812,99.80960083007812,99.80960083007812,2.0,0.22711829268292677
99.78900146484376,99.8000030517578,99.76499938964844,99.76499938964844,99.76499938964844,800.0,0.20147789855072473
99.78500366210938,99.78500366210938,99.78500366210938,99.78500366210938,99.78500366210938,2.0,0.13637993197278905
99.7615966796875,99.7615966796875,99.7615966796875,99.7615966796875,99.7615966796875,1502.0,0.24644919093851114
99.80999755859376,99.80999755859376,99.75240325927734,99.75240325927734,99.75240325927734,3318.0,0.23655659163987122
99.83000183105469,99.83999633789062,99.7699966430664,99.78500366210938,99.78500366210938,6819.0,0.2079442675159233
99.8499984741211,99.87139892578124,99.8499984741211,99.87139892578124,99.87139892578124,351.0,0.19984807017543857
99.8550033569336,99.86509704589844,99.8550033569336,99.86509704589844,99.86509704589844,531.0,0.14691783439490436
99.81900024414062,99.81900024414062,99.78459930419922,99.78459930419922,99.78459930419922,1878.0,0.13660133779264225
,,,,,,0.2293011450381679
99.58899688720705,99.5999984741211,99.5290985107422,99.5290985107422,99.5290985107422,4815.0,0.1942483221476509
99.55999755859376,99.58000183105469,99.55999755859376,99.56500244140624,99.56500244140624,1864.0,0.08735787671232875
99.58499908447266,99.58499908447266,99.58499908447266,99.58499908447266,99.58499908447266,9.0,0.2199481228668943
99.45500183105469,99.45500183105469,99.45500183105469,99.45500183105469,99.45500183105469,598.0,0.18928492307692296
99.3550033569336,99.3550033569336,99.3550033569336,99.3550033569336,99.3550033569336,1578.0,0.1720484177215189
99.41799926757812,99.4198989868164,99.3988037109375,99.3988037109375,99.3988037109375,401.0,0.16387634408602134
99.3644027709961,99.3644027709961,99.3644027709961,99.3644027709961,99.3644027709961,12.0,0.2731887272727271
98.91010284423828,98.91010284423828,98.7531967163086,98.7531967163086,98.7531967163086,304.0,0.17895027322404364
98.98310089111328,98.98310089111328,98.98310089111328,98.98310089111328,98.98310089111328,70.0,0.23205256410256409
99.05719757080078,99.10759735107422,99.05719757080078,99.10759735107422,99.10759735107422,407.0,0.17470251572327042
99.19000244140624,99.19000244140624,99.16000366210938,99.18000030517578,99.18000030517578,965.0,0.2500003095975231
98.98999786376952,99.01180267333984,98.98999786376952,99.01180267333984,99.01180267333984,510.0,0.26729711934156375
98.84500122070312,98.84500122070312,98.84500122070312,98.84500122070312,98.84500122070312,2.0,0.21046441717791403
98.75,98.76000213623048,98.75,98.76000213623048,98.76000213623048,100.0,0.22697635327635313
98.58000183105469,98.58000183105469,98.53050231933594,98.53050231933594,98.53050231933594,101.0,0.23327417218543026
98.64199829101562,98.64199829101562,98.625,98.625,98.625,917.0,0.20379383116883112
98.73919677734376,98.73919677734376,98.73919677734376,98.73919677734376,98.73919677734376,1.0,0.18695439739413663
98.8416976928711,98.8416976928711,98.8416976928711,98.8416976928711,98.8416976928711,1.0,0.19835103857566733
98.58000183105469,98.5999984741211,98.58000183105469,98.59259796142578,98.59259796142578,4201.0,0.0783399361022365
98.61830139160156,98.61830139160156,98.61830139160156,98.61830139160156,98.61830139160156,1.0,0.20287189542483638
98.62940216064452,98.62940216064452,98.62940216064452,98.62940216064452,98.62940216064452,600.0,0.18926423076923066
98.54000091552734,98.70149993896484,98.54000091552734,98.70149993896484,98.70149993896484,200.0,0.4085863636363644
98.51000213623048,98.5167007446289,98.48979949951172,98.48979949951172,98.48979949951172,2009.0,0.2985196480938416
98.47730255126952,98.47730255126952,98.47730255126952,98.47730255126952,98.47730255126952,1.0,0.25763355481727573
98.54499816894531,98.56500244140624,98.54499816894531,98.56500244140624,98.56500244140624,108.0,0.19890250896057332
98.63999938964844,98.6876983642578,98.63999938964844,98.6876983642578,98.6876983642578,101.0,0.16418371212121202
98.72579956054688,98.72579956054688,98.72579956054688,98.72579956054688,98.72579956054688,1.0,0.09980357142857145
98.73179626464844,98.73179626464844,98.73179626464844,98.73179626464844,98.73179626464844,10.0,0.17618724832214755
98.65899658203124,98.66000366210938,98.63500213623048,98.63500213623048,98.63500213623048,678.0,0.22151093749999987
98.5365982055664,98.5365982055664,98.5365982055664,98.5365982055664,98.5365982055664,1.0,0.17943210702341128
98.51280212402344,98.51280212402344,98.51280212402344,98.51280212402344,98.51280212402344,1.0,0.25508407407407413
98.4800033569336,98.5146026611328,98.4800033569336,98.5146026611328,98.5146026611328,504.0,0.1870729729729729
98.5999984741211,98.6449966430664,98.58999633789062,98.6449966430664,98.6449966430664,1604.0,0.29987142857142846
,,,,,,0.27116411764705894
98.4990005493164,98.52320098876952,98.4990005493164,98.52320098876952,98.52320098876952,400.0,0.26865649717514095
98.63999938964844,98.71089935302734,98.63999938964844,98.71089935302734,98.71089935302734,2001.0,0.23462982954545494
98.72000122070312,98.7300033569336,98.72000122070312,98.72160339355469,98.72160339355469,1000.0,-0.019450455927051663
98.81500244140624,98.81500244140624,98.81500244140624,98.81500244140624,98.81500244140624,1.0,0.1663088815789472
98.75569915771484,98.75569915771484,98.75569915771484,98.75569915771484,98.75569915771484,1.0,0.3483901060070671
98.70919799804688,98.70919799804688,98.70919799804688,98.70919799804688,98.70919799804688,1.0,0.21437026143790838
98.7300033569336,98.8228988647461,98.7300033569336,98.8228988647461,98.8228988647461,1000.0,0.21239944751381207
98.80500030517578,98.81089782714844,98.77999877929688,98.81089782714844,98.81089782714844,2271.0,0.27680206489675513
99.0199966430664,99.0500030517578,99.00830078125,99.00830078125,99.00830078125,7728.0,0.1971932907348241
100.88999938964844,100.88999938964844,98.7699966430664,99.24469757080078,99.24469757080078,4517.0,0.26522020202020163
99.12000274658205,99.12999725341795,98.98500061035156,99.1011962890625,99.1011962890625,4561.0,0.18687582781456946
98.79000091552734,99.3000030517578,98.79000091552734,99.04409790039062,99.04409790039062,3736.0,0.3832837499999996
99.01000213623048,99.01000213623048,98.9000015258789,98.97049713134766,98.97049713134766,997.0,0.21652585669781924
98.9250030517578,99.04000091552734,98.86000061035156,99.0009994506836,99.0009994506836,1599.0,0.1951491525423727
99.01000213623048,99.01000213623048,98.88009643554688,98.9800033569336,98.9800033569336,1888.0,0.18737689655172401
99.0,99.0,98.908203125,98.97000122070312,98.97000122070312,2503.0,0.22648860759493636
98.9499969482422,98.9499969482422,98.81999969482422,98.83260345458984,98.83260345458984,1317.0,0.23714664310954067
98.87999725341795,98.88639831542969,98.76000213623048,98.88639831542969,98.88639831542969,1002.0,0.25691398305084734
98.80999755859376,98.9000015258789,98.8000030517578,98.8550033569336,98.8550033569336,2466.0,0.24497420494699648
98.91999816894531,98.93000030517578,98.87999725341795,98.88929748535156,98.88929748535156,1922.0,0.14754895833333329
98.91000366210938,98.94499969482422,98.91000366210938,98.9446029663086,98.9446029663086,2307.0,0.15746692913385815
98.95999908447266,99.0500030517578,98.95999908447266,98.98500061035156,98.98500061035156,2847.0,0.1004788590604027
99.0,99.05999755859376,98.99400329589844,99.05999755859376,99.05999755859376,2950.0,0.17189687499999987
99.0999984741211,99.10099792480469,99.03099822998048,99.0749969482422,99.0749969482422,4313.0,0.1638376865671641
99.1500015258789,99.21499633789062,99.14749908447266,99.14749908447266,99.14749908447266,1834.0,0.18913522267206478
99.1999969482422,99.1999969482422,99.06999969482422,99.11000061035156,99.11000061035156,2968.0,0.14596604477611944
99.11000061035156,99.11000061035156,99.11000061035156,99.11000061035156,99.11000061035156,0.0,0.2225392026578072
99.11000061035156,99.11000061035156,99.11000061035156,99.11000061035156,99.11000061035156,0.0,0.11351866295264632
99.11000061035156,99.11000061035156,99.11000061035156,99.11000061035156,99.11000061035156,0.0,0.24212827988338195
99.11000061035156,99.11000061035156,99.11000061035156,99.11000061035156,99.11000061035156,0.0,0.25110382165605083
99.11000061035156,99.11000061035156,99.11000061035156,99.11000061035156,99.11000061035156,0.0,0.13713708206686925
99.11000061035156,99.11000061035156,99.11000061035156,99.11000061035156,99.11000061035156,0.0,0.22076532507739932
99.11000061035156,99.11000061035156,99.11000061035156,99.11000061035156,99.11000061035156,0.0,0.17489941348973592
99.11000061035156,99.11000061035156,99.11000061035156,99.11000061035156,99.11000061035156,0.0,0.20487277936962753
99.11000061035156,99.11000061035156,99.11000061035156,99.11000061035156,99.11000061035156,0.0,0.16555521126760542
99.11000061035156,99.11000061035156,99.11000061035156,99.11000061035156,99.11000061035156,0.0,0.25393457943925213
99.11000061035156,99.11000061035156,99.11000061035156,99.11000061035156,99.11000061035156,0.0,0.2725225913621262
99.11000061035156,99.11000061035156,99.11000061035156,99.11000061035156,99.11000061035156,0.0,0.15997835365853652
99.11000061035156,99.11000061035156,99.11000061035156,99.11000061035156,99.11000061035156,0.0,0.1485510835913312
99.11000061035156,99.11000061035156,99.11000061035156,99.11000061035156,99.11000061035156,0.0,0.15668292682926827
,,,,,,0.20026435986159158
99.11000061035156,99.11000061035156,99.11000061035156,99.11000061035156,99.11000061035156,0.0,0.20459877675840957
99.11000061035156,99.11000061035156,99.11000061035156,99.11000061035156,99.11000061035156,0.0,0.30418451612903197
99.11000061035156,99.11000061035156,99.11000061035156,99.11000061035156,99.11000061035156,0.0,0.14521527272727264
99.11000061035156,99.11000061035156,99.11000061035156,99.11000061035156,99.11000061035156,0.0,0.14450543806646535
99.11000061035156,99.11000061035156,99.11000061035156,99.11000061035156,99.11000061035156,0.0,0.09064425675675668
99.11000061035156,99.11000061035156,99.11000061035156,99.11000061035156,99.11000061035156,0.0,0.13567039473684206
99.11000061035156,99.11000061035156,99.11000061035156,99.11000061035156,99.11000061035156,0.0,0.2313798634812287
99.11000061035156,99.11000061035156,99.11000061035156,99.11000061035156,99.11000061035156,0.0,0.23639511494252863
99.11000061035156,99.11000061035156,99.11000061035156,99.11000061035156,99.11000061035156,0.0,0.21620106382978715
99.11000061035156,99.11000061035156,99.11000061035156,99.11000061035156,99.11000061035156,0.0,0.3075307420494698
99.11000061035156,99.11000061035156,99.11000061035156,99.11000061035156,99.11000061035156,0.0,0.24446749999999978
99.11000061035156,99.11000061035156,99.11000061035156,99.11000061035156,99.11000061035156,0.0,0.24803475409836045
99.11000061035156,99.11000061035156,99.11000061035156,99.11000061035156,99.11000061035156,0.0,0.27197455197132603
99.11000061035156,99.11000061035156,99.11000061035156,99.11000061035156,99.11000061035156,0.0,0.22429260450160757
99.11000061035156,99.11000061035156,99.11000061035156,99.11000061035156,99.11000061035156,0.0,0.1317214765100671
99.11000061035156,99.11000061035156,99.11000061035156,99.11000061035156,99.11000061035156,0.0,0.15710503597122286
99.11000061035156,99.11000061035156,99.11000061035156,99.11000061035156,99.11000061035156,0.0,0.23994532871972304
99.11000061035156,99.11000061035156,99.11000061035156,99.11000061035156,99.11000061035156,0.0,0.330364102564102
99.11000061035156,99.11000061035156,99.11000061035156,99.11000061035156,99.11000061035156,0.0,0.272384965034965
99.11000061035156,99.11000061035156,99.11000061035156,99.11000061035156,99.11000061035156,0.0,0.218635975609756
99.11000061035156,99.11000061035156,99.11000061035156,99.11000061035156,99.11000061035156,0.0,0.2195499999999999
99.11000061035156,99.11000061035156,99.11000061035156,99.11000061035156,99.11000061035156,0.0,0.30832499999999946
99.11000061035156,99.11000061035156,99.11000061035156,99.11000061035156,99.11000061035156,0.0,0.22815074626865658
99.11000061035156,99.11000061035156,99.11000061035156,99.11000061035156,99.11000061035156,0.0,0.1842432234432233
,,,,,,0.21954776632302406
99.11000061035156,99.11000061035156,99.11000061035156,99.11000061035156,99.11000061035156,0.0,0.17492969924812027
99.11000061035156,99.11000061035156,99.11000061035156,99.11000061035156,99.11000061035156,0.0,0.27234336917562707
99.11000061035156,99.11000061035156,99.11000061035156,99.11000061035156,99.11000061035156,0.0,0.19190192837465567
99.11000061035156,99.11000061035156,99.11000061035156,99.11000061035156,99.11000061035156,0.0,0.22568141891891877
99.11000061035156,99.11000061035156,99.11000061035156,99.11000061035156,99.11000061035156,0.0,0.19829062500000003
99.11000061035156,99.11000061035156,99.11000061035156,99.11000061035156,99.11000061035156,0.0,0.2026166666666667
99.11000061035156,99.11000061035156,99.11000061035156,99.11000061035156,99.11000061035156,0.0,0.20031601941747576
99.11000061035156,99.11000061035156,99.11000061035156,99.11000061035156,99.11000061035156,0.0,0.19925202952029508
99.11000061035156,99.11000061035156,99.11000061035156,99.11000061035156,99.11000061035156,0.0,0.17463790322580633
99.66000366210938,99.66500091552734,99.58499908447266,99.65029907226562,99.65029907226562,20415.0,0.17900699999999986
99.7073974609375,99.7073974609375,99.7073974609375,99.7073974609375,99.7073974609375,37.0,0.2235791519434628
99.55500030517578,99.55500030517578,99.54830169677734,99.54830169677734,99.54830169677734,158.0,0.11010689655172416
99.63999938964844,99.64520263671876,99.63819885253906,99.63819885253906,99.63819885253906,203.0,0.3068056537102472
99.62010192871094,99.69000244140624,99.62010192871094,99.64099884033205,99.64099884033205,14144.0,0.2262611510791367
99.6750030517578,99.6750030517578,99.63899993896484,99.65249633789062,99.65249633789062,1736.0,0.2226725694444441
99.71540069580078,99.71540069580078,99.71540069580078,99.71540069580078,99.71540069580078,14.0,0.17050250896057337
99.69499969482422,99.75499725341795,99.69499969482422,99.75499725341795,99.75499725341795,163.0,0.20030836236933783
99.68099975585938,99.70369720458984,99.68000030517578,99.70369720458984,99.70369720458984,509.0,0.28761442006269555
99.6999969482422,99.77670288085938,99.6999969482422,99.77670288085938,99.77670288085938,213.0,0.06243772455089822
99.9010009765625,99.9010009765625,99.9010009765625,99.9010009765625,99.9010009765625,254.0,0.2220027027027028
99.90470123291016,99.90470123291016,99.90470123291016,99.90470123291016,99.90470123291016,5.0,0.18751186440677955
99.84660339355469,99.84660339355469,99.84660339355469,99.84660339355469,99.84660339355469,55.0,0.21688670694864037
99.73500061035156,99.73500061035156,99.73500061035156,99.73500061035156,99.73500061035156,73.0,0.22148546099290753
99.55850219726562,99.55850219726562,99.55850219726562,99.55850219726562,99.55850219726562,4.0,0.24688068965517226
99.47740173339844,99.47740173339844,99.47740173339844,99.47740173339844,99.47740173339844,4.0,0.2293564841498556
99.3948974609375,99.3948974609375,99.38929748535156,99.38929748535156,99.38929748535156,118.0,0.13435033333333338
99.4499969482422,99.46929931640624,99.38999938964844,99.46929931640624,99.46929931640624,530.0,0.21418941605839414
99.4489974975586,99.4489974975586,99.44499969482422,99.44499969482422,99.44499969482422,243.0,0.2067054347826088
99.5824966430664,99.5824966430664,99.5824966430664,99.5824966430664,99.5824966430664,4.0,0.22056868686868672
99.63999938964844,99.64959716796876,99.63999938964844,99.64959716796876,99.64959716796876,120.0,0.3233039130434781
99.18000030517578,99.5999984741211,99.18000030517578,99.5999984741211,99.5999984741211,326.0,0.27293185483870985
99.5749969482422,99.5749969482422,99.5500030517578,99.5500030517578,99.5500030517578,425.0,0.3321125984251968
99.6050033569336,99.6050033569336,99.6050033569336,99.6050033569336,99.6050033569336,136.0,0.2571125412541251
99.5696029663086,99.5696029663086,99.5696029663086,99.5696029663086,99.5696029663086,4.0,0.22385965517241366
99.59320068359376,99.59320068359376,99.59320068359376,99.59320068359376,99.59320068359376,138.0,0.2710862295081965
99.54100036621094,99.58000183105469,99.53500366210938,99.53500366210938,99.53500366210938,910.0,0.16991793893129767
99.44499969482422,99.44499969482422,99.44499969482422,99.44499969482422,99.44499969482422,94.0,0.24887619047619028
99.44000244140624,99.45850372314452,99.44000244140624,99.45850372314452,99.45850372314452,2006.0,0.2757604575163397
99.5864028930664,99.5864028930664,99.5864028930664,99.5864028930664,99.5864028930664,2.0,0.22227826086956498
99.68499755859376,99.68499755859376,99.68499755859376,99.68499755859376,99.68499755859376,74.0,0.17033251748251751
99.6500015258789,99.69499969482422,99.63999938964844,99.69499969482422,99.69499969482422,126287.0,0.292735611510791
99.71900177001952,99.71900177001952,99.68000030517578,99.68000030517578,99.68000030517578,103.0,0.24948217054263577
99.76000213623048,99.76000213623048,99.72000122070312,99.72019958496094,99.72019958496094,572.0,0.26376183745583015
99.72000122070312,99.75,99.69000244140624,99.69000244140624,99.69000244140624,1509.0,0.19367297297297295
,,,,,,0.15537979797979795
99.57599639892578,99.57599639892578,99.55509948730469,99.55509948730469,99.55509948730469,862.0,0.1395256944444444
99.61000061035156,99.61000061035156,99.61000061035156,99.61000061035156,99.61000061035156,200.0,0.11632367601246099
99.7249984741211,99.7249984741211,99.7249984741211,99.7249984741211,99.7249984741211,24.0,0.18263525179856124
99.63500213623048,99.63500213623048,99.63500213623048,99.63500213623048,99.63500213623048,13.0,0.27215149253731336
99.56439971923828,99.61499786376952,99.56439971923828,99.61499786376952,99.61499786376952,209.0,0.20437263843648185
99.73500061035156,99.73500061035156,99.69000244140624,99.73500061035156,99.73500061035156,1008.0,0.17995702479338838
99.70989990234376,99.70989990234376,99.66000366210938,99.66000366210938,99.66000366210938,102.0,0.23259520547945206
99.53009796142578,99.58000183105469,99.52999877929688,99.58000183105469,99.58000183105469,877.0,0.16148059701492523
99.38999938964844,99.46499633789062,99.38999938964844,99.46499633789062,99.46499633789062,502.0,0.2805433070866141
99.41010284423828,99.625,99.41010284423828,99.625,99.625,110.0,0.15854075471698115
99.58779907226562,99.58999633789062,99.58779907226562,99.58999633789062,99.58999633789062,464.0,0.19184430379746828
99.5500030517578,99.5500030517578,99.5500030517578,99.5500030517578,99.5500030517578,122.0,0.18448450704225366
99.39990234375,99.39990234375,99.26000213623048,99.2947006225586,99.2947006225586,2339.0,0.22586485507246348
99.1999969482422,99.1999969482422,99.19000244140624,99.19000244140624,99.19000244140624,171.0,0.1235604562737642
99.18000030517578,99.18000030517578,99.18000030517578,99.18000030517578,99.18000030517578,52.0,0.17169230769230753
98.96499633789062,98.96499633789062,98.96499633789062,98.96499633789062,98.96499633789062,12.0,0.19595953947368414
98.98490142822266,98.98490142822266,98.98490142822266,98.98490142822266,98.98490142822266,33.0,0.2640103678929763
99.0199966430664,99.0199966430664,99.0199966430664,99.0199966430664,99.0199966430664,76.0,0.21414327868852448
99.18000030517578,99.18000030517578,99.18000030517578,99.18000030517578,99.18000030517578,18.0,0.2596627009646301
99.1500015258789,99.1500015258789,99.1500015258789,99.1500015258789,99.1500015258789,6.0,0.2018703124999998
99.06500244140624,99.06500244140624,99.06500244140624,99.06500244140624,99.06500244140624,16.0,0.32282310231023076
99.05999755859376,99.05999755859376,99.05999755859376,99.05999755859376,99.05999755859376,5.0,0.21266196721311473
98.90969848632812,98.91500091552734,98.90969848632812,98.91500091552734,98.91500091552734,252.0,0.30356770833333313
98.86000061035156,98.86000061035156,98.86000061035156,98.86000061035156,98.86000061035156,6.0,0.31284612903225795
98.76499938964844,98.76499938964844,98.72440338134766,98.72440338134766,98.72440338134766,125.0,0.2584476363636364
98.8249969482422,98.8249969482422,98.8249969482422,98.8249969482422,98.8249969482422,26.0,0.22198489425981857
98.83699798583984,98.83699798583984,98.83699798583984,98.83699798583984,98.83699798583984,51.0,0.19020304054054055
98.94000244140624,98.94000244140624,98.94000244140624,98.94000244140624,98.94000244140624,6.0,0.24762950819672103
98.7750015258789,98.7750015258789,98.7750015258789,98.7750015258789,98.7750015258789,4.0,0.20535151515151512
98.66999816894531,98.66999816894531,98.66999816894531,98.66999816894531,98.66999816894531,2.0,0.21012333333333338
98.58000183105469,98.59500122070312,98.58000183105469,98.59500122070312,98.59500122070312,254.0,0.1308085959885387
98.56999969482422,98.69000244140624,98.56999969482422,98.67449951171876,98.67449951171876,845.0,0.18605052631578942
98.4749984741211,98.4749984741211,98.4749984741211,98.4749984741211,98.4749984741211,100.0,0.1780691588785045
98.4000015258789,98.51180267333984,98.4000015258789,98.51180267333984,98.51180267333984,205.0,0.2070241007194244
98.56999969482422,98.56999969482422,98.56999969482422,98.56999969482422,98.56999969482422,48.0,0.26486084142394806
98.62999725341795,98.62999725341795,98.62999725341795,98.62999725341795,98.62999725341795,50716.0,0.22409999999999997
98.7699966430664,98.7699966430664,98.7699966430664,98.7699966430664,98.7699966430664,8.0,0.2767003289473684
98.63999938964844,98.6500015258789,98.63999938964844,98.6500015258789,98.6500015258789,307.0,0.22721506849315054
98.68060302734376,98.68060302734376,98.68060302734376,98.68060302734376,98.68060302734376,7.0,0.30386879194630845
98.66999816894531,98.68000030517578,98.52999877929688,98.61720275878906,98.61720275878906,1840.0,0.28877027027026986
98.75,98.75,98.75,98.75,98.75,157.0,0.23556283783783766
98.6999969482422,98.7699966430664,98.69499969482422,98.69499969482422,98.69499969482422,610.0,0.24411748251748216
98.91010284423828,98.91010284423828,98.91010284423828,98.91010284423828,98.91010284423828,41.0,0.21705953757225432
99.04499816894531,99.11000061035156,99.01000213623048,99.11000061035156,99.11000061035156,924.0,0.319125806451613
98.9499969482422,98.97989654541016,98.87999725341795,98.9250030517578,98.9250030517578,2454.0,0.1977112179487178
99.06400299072266,99.06400299072266,99.06400299072266,99.06400299072266,99.06400299072266,4.0,0.271908088235294
98.6999969482422,98.6999969482422,98.6999969482422,98.6999969482422,98.6999969482422,9.0,0.19115131578947372
98.58499908447266,98.58499908447266,98.58499908447266,98.58499908447266,98.58499908447266,12.0,0.2405242622950818
98.7300033569336,98.7300033569336,98.5500030517578,98.6343002319336,98.6343002319336,1549.0,0.21049542682926825
98.5071029663086,98.5071029663086,98.5071029663086,98.5071029663086,98.5071029663086,3.0,0.2053303886925796
98.5000991821289,98.5000991821289,98.4499969482422,98.4499969482422,98.4499969482422,466.0,0.2078452599388378
98.52999877929688,98.52999877929688,98.52999877929688,98.52999877929688,98.52999877929688,42.0,0.2046130293159609
98.63999938964844,98.63999938964844,98.58000183105469,98.58000183105469,98.58000183105469,1041.0,0.19376445783132545
98.6050033569336,98.6050033569336,98.6050033569336,98.6050033569336,98.6050033569336,338.0,0.21554757575757547
98.2699966430664,98.2699966430664,98.2699966430664,98.2699966430664,98.2699966430664,26.0,0.2532277966101692
98.17250061035156,98.17250061035156,98.17250061035156,98.17250061035156,98.17250061035156,4.0,0.22168152866242016
98.18499755859376,98.18499755859376,98.18499755859376,98.18499755859376,98.18499755859376,12.0,0.26542129277566523
,,,,,,0.22474905660377362
98.5998992919922,98.5998992919922,98.5479965209961,98.5479965209961,98.5479965209961,174.0,0.18869652173913046
98.5500030517578,98.58999633789062,98.5500030517578,98.56500244140624,98.56500244140624,2489.0,0.2409664615384612
98.88999938964844,98.88999938964844,98.6405029296875,98.6405029296875,98.6405029296875,354054.0,0.1829944444444445
98.61270141601562,98.61270141601562,98.61270141601562,98.61270141601562,98.61270141601562,13.0,0.22142155172413788
98.5824966430664,98.5824966430664,98.5824966430664,98.5824966430664,98.5824966430664,5.0,0.1424661764705882
98.79000091552734,98.80339813232422,98.76809692382812,98.76809692382812,98.76809692382812,2036.0,0.17164662162162153
98.59500122070312,98.59500122070312,98.59500122070312,98.59500122070312,98.59500122070312,38.0,0.32209358490566037
98.51000213623048,98.51000213623048,98.51000213623048,98.51000213623048,98.51000213623048,88.0,0.3169238244514102
98.39099884033205,98.44499969482422,98.39099884033205,98.44499969482422,98.44499969482422,752.0,0.17766119402985073
98.4800033569336,98.49459838867188,98.46880340576172,98.46880340576172,98.46880340576172,308.0,0.15424536082474205
98.51000213623048,98.51000213623048,98.51000213623048,98.51000213623048,98.51000213623048,71.0,0.17168847583643132
98.56659698486328,98.63500213623048,98.56659698486328,98.63500213623048,98.63500213623048,1116.0,0.17188881789137386
98.54499816894531,98.54499816894531,98.54499816894531,98.54499816894531,98.54499816894531,3.0,0.17840390625000005
98.43399810791016,98.443603515625,98.43399810791016,98.443603515625,98.443603515625,1005.0,0.17102164634146347
98.63099670410156,98.65119934082031,98.62449645996094,98.65119934082031,98.65119934082031,597.0,0.18679068100358406
98.63999938964844,98.63999938964844,98.63999938964844,98.63999938964844,98.63999938964844,54.0,0.211405734767025
98.6449966430664,98.6449966430664,98.6449966430664,98.6449966430664,98.6449966430664,48.0,0.18958904109589045
98.5,98.5,98.5,98.5,98.5,199.0,0.1882616438356163
98.591796875,98.591796875,98.591796875,98.591796875,98.591796875,2.0,0.2716193308550185
98.52999877929688,98.5417022705078,98.52999877929688,98.5417022705078,98.5417022705078,505.0,0.13955592592592597
,,,,,,0.18883144876325078
98.54000091552734,98.5500030517578,98.2699966430664,98.5500030517578,98.5500030517578,2513.0,0.14892857142857127
98.61000061035156,98.61000061035156,98.58999633789062,98.58999633789062,98.58999633789062,160.0,0.11717225609756095
98.47000122070312,98.48500061035156,98.47000122070312,98.48500061035156,98.48500061035156,402.0,0.16772103559870546
98.6094970703125,98.6094970703125,98.6094970703125,98.6094970703125,98.6094970703125,83.0,0.23139928825622771
98.58499908447266,98.58499908447266,98.58499908447266,98.58499908447266,98.58499908447266,5.0,0.24446569579288
98.30999755859376,98.30999755859376,98.2947006225586,98.2947006225586,98.2947006225586,177.0,0.2535515151515151
98.27999877929688,98.29149627685548,98.27999877929688,98.29149627685548,98.29149627685548,356148.0,0.23345781710914443
98.25,98.2699966430664,98.09010314941406,98.09639739990234,98.09639739990234,356863.0,0.1266222222222223
97.98500061035156,97.98500061035156,97.98500061035156,97.98500061035156,97.98500061035156,104.0,0.18021528239202667
97.89459991455078,97.89459991455078,97.89459991455078,97.89459991455078,97.89459991455078,3.0,0.08154967948717956
97.83999633789062,97.9000015258789,97.83000183105469,97.84510040283205,97.84510040283205,8362.0,0.18191343750000005
97.8499984741211,97.92230224609376,97.8499984741211,97.92230224609376,97.92230224609376,103.0,0.15226595092024528
97.9250030517578,97.9250030517578,97.91999816894531,97.91999816894531,97.91999816894531,104.0,0.1956155303030303
97.99099731445312,97.99099731445312,97.99099731445312,97.99099731445312,97.99099731445312,2.0,0.1275483754512635
97.80850219726562,97.80850219726562,97.73500061035156,97.73500061035156,97.73500061035156,133.0,0.275751013513513
,,,,,,0.17794748201438848
97.44000244140624,97.44000244140624,97.41069793701172,97.41069793701172,97.41069793701172,163.0,0.2553934374999999
97.50499725341795,97.50499725341795,97.49420166015624,97.49420166015624,97.49420166015624,103.0,0.1787870629370627
97.50260162353516,97.50260162353516,97.50260162353516,97.50260162353516,97.50260162353516,2.0,0.14419715302491098
97.69000244140624,97.69000244140624,97.69000244140624,97.69000244140624,97.69000244140624,84.0,0.10690833333333331
97.7698974609375,97.83999633789062,97.71019744873048,97.71019744873048,97.71019744873048,6378.0,0.21822891566265054
97.67009735107422,97.67009735107422,97.63159942626952,97.63159942626952,97.63159942626952,106.0,0.16108435114503813
97.3395004272461,97.3395004272461,97.3395004272461,97.3395004272461,97.3395004272461,5.0,0.17986681222707412
97.38899993896484,97.38899993896484,97.30999755859376,97.30999755859376,97.30999755859376,206.0,0.14862610294117645
97.31099700927734,97.41210174560548,97.31099700927734,97.41210174560548,97.41210174560548,925.0,0.202068284789644
97.45099639892578,97.45099639892578,97.41739654541016,97.41739654541016,97.41739654541016,935.0,0.21159678362573087
97.40499877929688,97.40499877929688,97.4000015258789,97.4000015258789,97.4000015258789,280.0,0.26161006944444415
97.47419738769531,97.47419738769531,97.47419738769531,97.47419738769531,97.47419738769531,4.0,0.25264965034965015
97.30899810791016,97.30989837646484,97.25499725341795,97.30989837646484,97.30989837646484,221.0,0.18238496503496496
96.9290008544922,96.9290008544922,96.9250030517578,96.9250030517578,96.9250030517578,104.0,0.18923547297297288
96.95040130615234,96.96839904785156,96.95040130615234,96.96839904785156,96.96839904785156,502.0,0.2525033898305083
96.82769775390624,96.82769775390624,96.82769775390624,96.82769775390624,96.82769775390624,3.0,0.16401672597864772
96.8550033569336,96.8550033569336,96.8550033569336,96.8550033569336,96.8550033569336,2.0,0.24093935483870965
96.28379821777344,96.28379821777344,96.28379821777344,96.28379821777344,96.28379821777344,2.0,0.21611394557823127
96.6854019165039,96.6854019165039,96.6854019165039,96.6854019165039,96.6854019165039,4.0,0.15455308219178074
96.42430114746094,96.42430114746094,96.42430114746094,96.42430114746094,96.42430114746094,13.0,0.2235909999999997
96.35900115966795,96.35900115966795,96.3550033569336,96.3550033569336,96.3550033569336,103.0,0.2525665689149559
96.43409729003906,96.43409729003906,96.43409729003906,96.43409729003906,96.43409729003906,2.0,0.23466679389312953
96.56719970703124,96.56719970703124,96.56719970703124,96.56719970703124,96.56719970703124,4.0,0.20199756097560967
96.64230346679688,96.64230346679688,96.64230346679688,96.64230346679688,96.64230346679688,2.0,0.1723463414634146
,,,,,,0.1911709480122322
96.54000091552734,96.5500030517578,96.5239028930664,96.5239028930664,96.5239028930664,156012.0,0.12422336956521733
96.3904037475586,96.3904037475586,96.3904037475586,96.3904037475586,96.3904037475586,22.0,0.22993830645161292
96.48159790039062,96.48159790039062,96.48159790039062,96.48159790039062,96.48159790039062,48.0,0.1736609427609427
96.49500274658205,96.49500274658205,96.49500274658205,96.49500274658205,96.49500274658205,10.0,0.3003769811320753
96.93910217285156,96.93910217285156,96.93910217285156,96.93910217285156,96.93910217285156,43.0,0.18158416988416978
97.27999877929688,97.29209899902344,97.27999877929688,97.29209899902344,97.29209899902344,107.0,0.22024322344322342
97.0500030517578,97.0500030517578,96.7510986328125,96.7510986328125,96.7510986328125,316.0,0.20881085526315787
96.7938003540039,96.7938003540039,96.7938003540039,96.7938003540039,96.7938003540039,4.0,0.21517335423197473
97.056396484375,97.056396484375,97.056396484375,97.056396484375,97.056396484375,14.0,0.17243533333333325
96.81780242919922,96.81780242919922,96.81780242919922,96.81780242919922,96.81780242919922,2.0,0.2577554655870447
96.46499633789062,96.46499633789062,96.46499633789062,96.46499633789062,96.46499633789062,23.0,0.19079852398523997
96.26190185546876,96.26190185546876,96.26190185546876,96.26190185546876,96.26190185546876,30.0,0.21424612546125446
96.08499908447266,96.08499908447266,96.08499908447266,96.08499908447266,96.08499908447266,5.0,0.26531272727272714
96.03009796142578,96.03009796142578,96.03009796142578,96.03009796142578,96.03009796142578,139.0,0.20986904761904762
95.5593032836914,95.5593032836914,95.5593032836914,95.5593032836914,95.5593032836914,31.0,0.23193521126760575
95.54080200195312,95.54080200195312,95.54080200195312,95.54080200195312,95.54080200195312,26.0,0.18385967741935483
95.48580169677734,95.48580169677734,95.48580169677734,95.48580169677734,95.48580169677734,20.0,0.24160315789473663
95.59980010986328,95.59980010986328,95.59980010986328,95.59980010986328,95.59980010986328,23.0,0.26659257641921397
95.70169830322266,95.70169830322266,95.70169830322266,95.70169830322266,95.70169830322266,11.0,0.2532158844765342
95.1500015258789,95.16919708251952,95.14009857177734,95.15119934082031,95.15119934082031,503.0,0.23192064056939493
94.99700164794922,94.99700164794922,94.99700164794922,94.99700164794922,94.99700164794922,7.0,0.27932078853046555
95.2136001586914,95.2136001586914,95.2136001586914,95.2136001586914,95.2136001586914,1.0,0.23045705329153557
95.08650207519531,95.08650207519531,95.08650207519531,95.08650207519531,95.08650207519531,4.0,0.279083805668016
94.62090301513672,94.62090301513672,94.62090301513672,94.62090301513672,94.62090301513672,5.0,0.2509123404255318
94.64620208740234,94.64620208740234,94.64620208740234,94.64620208740234,94.64620208740234,11.0,0.16237536231884053
94.5199966430664,94.64700317382812,94.5199966430664,94.64700317382812,94.64700317382812,1004.0,0.17366384615384622
94.71099853515624,94.83920288085938,94.70999908447266,94.83920288085938,94.83920288085938,2615.0,0.22094695121951202
95.00890350341795,95.00890350341795,94.87149810791016,94.87149810791016,94.87149810791016,906.0,0.16019007092198564
94.61000061035156,95.06999969482422,94.51000213623048,94.51000213623048,94.51000213623048,19678.0,0.27391849315068467
94.61000061035156,94.61000061035156,94.61000061035156,94.61000061035156,94.61000061035156,11.0,0.29037202797202794
94.18000030517578,94.18000030517578,94.16500091552734,94.16500091552734,94.16500091552734,462.0,0.2415011718749998
94.06999969482422,94.11100006103516,94.06999969482422,94.0999984741211,94.0999984741211,2898.0,0.19887403846153834
94.11000061035156,94.11000061035156,94.07530212402344,94.07530212402344,94.07530212402344,543.0,0.18837326732673249
93.86509704589844,93.86509704589844,93.86509704589844,93.86509704589844,93.86509704589844,1482.0,0.22485703971119117
93.70999908447266,93.70999908447266,93.68350219726562,93.68350219726562,93.68350219726562,327.0,0.12556942675159238
94.03130340576172,94.03130340576172,94.03130340576172,94.03130340576172,94.03130340576172,5.0,0.27747557003257295
94.05560302734376,94.05560302734376,94.05560302734376,94.05560302734376,94.05560302734376,1305.0,0.2470119122257053
93.71499633789062,93.71499633789062,93.71499633789062,93.71499633789062,93.71499633789062,3.0,0.18629664179104488
,,,,,,0.2209549382716049
93.66500091552734,93.66500091552734,93.66500091552734,93.66500091552734,93.66500091552734,2.0,0.2643531446540878
93.27539825439452,93.27539825439452,93.27539825439452,93.27539825439452,93.27539825439452,6221.0,0.20071580645161272
93.4000015258789,93.4000015258789,93.4000015258789,93.4000015258789,93.4000015258789,127.0,0.2621046874999999
93.2292022705078,93.2292022705078,93.2292022705078,93.2292022705078,93.2292022705078,3.0,0.2312902097902096
93.1636962890625,93.1636962890625,93.1636962890625,93.1636962890625,93.1636962890625,7.0,0.23623469387755067
93.4000015258789,93.4499969482422,93.4000015258789,93.4499969482422,93.4499969482422,404.0,0.22145460992907806
93.6500015258789,93.68060302734376,93.61489868164062,93.68060302734376,93.68060302734376,450.0,0.1992344155844155
93.62000274658205,93.62000274658205,93.51490020751952,93.51490020751952,93.51490020751952,514.0,0.22314006116207927
93.3105010986328,93.40280151367188,93.3105010986328,93.40280151367188,93.40280151367188,320.0,0.16449792284866474
93.26000213623048,93.2699966430664,93.23870086669922,93.23870086669922,93.23870086669922,11026.0,0.23123536977491937
92.88860321044922,92.88860321044922,92.88860321044922,92.88860321044922,92.88860321044922,2.0,0.21629593749999962
93.0999984741211,93.0999984741211,92.94519805908205,92.94519805908205,92.94519805908205,755.0,0.21814699140401145
92.87999725341795,93.27670288085938,92.87999725341795,93.27670288085938,93.27670288085938,803.0,0.16712298136645953
92.9810028076172,92.9810028076172,92.79000091552734,92.96050262451172,92.96050262451172,436.0,0.239801404494382
92.79000091552734,92.79000091552734,92.79000091552734,92.79000091552734,92.79000091552734,63.0,0.20199500000000015
92.91000366210938,93.08080291748048,92.91000366210938,93.08080291748048,93.08080291748048,1373.0,0.14913890489913548
93.19000244140624,93.1999969482422,93.19000244140624,93.19170379638672,93.19170379638672,399.0,0.10225677233429396
93.30999755859376,93.30999755859376,93.30999755859376,93.30999755859376,93.30999755859376,20.0,0.12378994252873568
93.47969818115234,93.47969818115234,93.47969818115234,93.47969818115234,93.47969818115234,29.0,0.20014629629629613
93.30500030517578,93.30500030517578,93.30500030517578,93.30500030517578,93.30500030517578,11.0,0.16259382352941162
93.52989959716795,93.52989959716795,93.45999908447266,93.4749984741211,93.4749984741211,614.0,0.2242140056022407
93.0896987915039,93.0896987915039,93.0896987915039,93.0896987915039,93.0896987915039,3.0,0.16202670623145404
93.26000213623048,93.29000091552734,93.24500274658205,93.24500274658205,93.24500274658205,601.0,0.18760265486725644
93.44429779052734,93.44429779052734,93.44429779052734,93.44429779052734,93.44429779052734,2.0,0.20671718309859125
93.6095962524414,93.6095962524414,93.6095962524414,93.6095962524414,93.6095962524414,7.0,0.2661046296296293
93.41999816894531,93.41999816894531,93.41999816894531,93.41999816894531,93.41999816894531,3.0,0.22408978328173365
93.8498992919922,93.8498992919922,93.8124008178711,93.8124008178711,93.8124008178711,199.0,0.2146087349397588
94.00789642333984,94.00789642333984,94.00789642333984,94.00789642333984,94.00789642333984,82.0,0.21379161073825484
93.99400329589844,94.08999633789062,93.99400329589844,94.08999633789062,94.08999633789062,250.0,0.19176636904761896
94.08999633789062,94.13999938964844,94.08999633789062,94.13999938964844,94.13999938964844,147.0,0.21708086419753064
,,,,,,0.08040286532951295
93.77999877929688,93.7925033569336,93.75499725341795,93.7925033569336,93.7925033569336,268.0,0.14930761589403976
93.55999755859376,93.55999755859376,93.45140075683594,93.49500274658205,93.49500274658205,391.0,0.21655261780104706
93.54499816894531,93.54499816894531,93.54499816894531,93.54499816894531,93.54499816894531,2.0,0.258561846153846
93.4499969482422,93.62999725341795,93.4499969482422,93.45439910888672,93.45439910888672,1692.0,0.17250094637223978
93.1990966796875,93.1990966796875,93.1990966796875,93.1990966796875,93.1990966796875,3.0,0.21876398467432934
93.31790161132812,93.31790161132812,93.31790161132812,93.31790161132812,93.31790161132812,7.0,0.2173571428571428
93.1750030517578,93.1750030517578,93.1750030517578,93.1750030517578,93.1750030517578,3.0,0.23264128440366943
93.07959747314452,93.07959747314452,93.0500030517578,93.0500030517578,93.0500030517578,181.0,0.2099524115755625
92.72000122070312,92.72000122070312,92.43260192871094,92.43260192871094,92.43260192871094,153.0,0.18787602523659297
91.7699966430664,91.7699966430664,91.5270004272461,91.5270004272461,91.5270004272461,114.0,0.15109116022099445
91.17839813232422,91.17839813232422,91.17839813232422,91.17839813232422,91.17839813232422,18.0,0.17492542857142843
91.86000061035156,91.86000061035156,91.86000061035156,91.86000061035156,91.86000061035156,12.0,0.21818988439306355
92.07510375976562,92.07510375976562,92.07510375976562,92.07510375976562,92.07510375976562,2.0,0.16721455696202536
92.03780364990234,92.03780364990234,92.03780364990234,92.03780364990234,92.03780364990234,52.0,0.1910504178272979
,,,,,,0.1996029411764704
91.90499877929688,91.90499877929688,91.90499877929688,91.90499877929688,91.90499877929688,12.0,0.17751420454545455
92.39469909667969,92.39469909667969,92.39469909667969,92.39469909667969,92.39469909667969,1.0,0.17295451977401127
92.59760284423828,92.59760284423828,92.59760284423828,92.59760284423828,92.59760284423828,90.0,0.24623161094224888
92.5999984741211,92.5999984741211,92.54499816894531,92.54499816894531,92.54499816894531,270.0,0.16613377926421405
92.39700317382812,92.39700317382812,92.31700134277344,92.31700134277344,92.31700134277344,366.0,0.20809261992619915
92.2145004272461,92.2145004272461,92.2145004272461,92.2145004272461,92.2145004272461,7.0,0.22852747875354074
92.43000030517578,92.5,92.42990112304688,92.5,92.5,487.0,0.2646047120418846
92.87789916992188,92.87789916992188,92.87789916992188,92.87789916992188,92.87789916992188,98.0,0.17415719298245602
93.4250030517578,93.4250030517578,93.4250030517578,93.4250030517578,93.4250030517578,84.0,0.1894985029940118
,,,,,,0.3272702247191003
93.5500030517578,93.5500030517578,93.5500030517578,93.5500030517578,93.5500030517578,110.0,0.18863721973094177
93.18499755859376,93.18499755859376,93.10140228271484,93.10140228271484,93.10140228271484,302.0,0.2923403141361251
92.91500091552734,92.91500091552734,92.91500091552734,92.91500091552734,92.91500091552734,4.0,0.23399695121951192
92.76000213623048,92.76000213623048,92.76000213623048,92.76000213623048,92.76000213623048,1.0,0.20095031249999978
92.9521026611328,92.9521026611328,92.9521026611328,92.9521026611328,92.9521026611328,3.0,0.294382593856655
93.0999984741211,93.0999984741211,93.0999984741211,93.0999984741211,93.0999984741211,4.0,0.26299377049180306
93.06680297851562,93.12580108642578,93.06680297851562,93.12580108642578,93.12580108642578,186.0,0.16214534883720927
92.99669647216795,92.99669647216795,92.99669647216795,92.99669647216795,92.99669647216795,2.0,0.25492114695340473
93.09500122070312,93.09500122070312,93.09500122070312,93.09500122070312,93.09500122070312,2.0,0.34138388059701497
92.8499984741211,93.04499816894531,92.8499984741211,93.04499816894531,93.04499816894531,134.0,0.21523036303630338
92.83670043945312,92.83670043945312,92.83670043945312,92.83670043945312,92.83670043945312,3.0,0.23123545706371176
92.78500366210938,92.78500366210938,92.78500366210938,92.78500366210938,92.78500366210938,1.0,0.146792479108635
93.31610107421876,93.31610107421876,93.31610107421876,93.31610107421876,93.31610107421876,37.0,0.14907294429708226
93.78109741210938,93.78109741210938,93.78109741210938,93.78109741210938,93.78109741210938,76.0,0.2653327823691461
93.6500015258789,93.6500015258789,93.6500015258789,93.6500015258789,93.6500015258789,3.0,0.23786382428940553
93.77989959716795,93.77989959716795,93.59880065917969,93.59880065917969,93.59880065917969,482.0,0.2034282122905028
93.7699966430664,93.91000366210938,93.7699966430664,93.91000366210938,93.91000366210938,103.0,0.2155371345029238
94.36000061035156,94.36000061035156,94.33499908447266,94.33499908447266,94.33499908447266,402.0,0.18056897506925196
94.38999938964844,94.41500091552734,94.38999938964844,94.41500091552734,94.41500091552734,371.0,0.2742438066465258
94.52999877929688,94.52999877929688,94.49500274658205,94.49500274658205,94.49500274658205,365.0,0.23454157608695644
94.2249984741211,94.2249984741211,93.8000030517578,93.84500122070312,93.84500122070312,10729.0,0.22169687499999977
93.6500015258789,93.9832000732422,93.6500015258789,93.9832000732422,93.9832000732422,376.0,0.32578101265822756
94.0500030517578,94.1843032836914,94.0500030517578,94.1843032836914,94.1843032836914,9768.0,0.1619196261682243
93.59480285644531,93.59480285644531,93.59480285644531,93.59480285644531,93.59480285644531,1.0,0.2711486577181209
93.7750015258789,93.7750015258789,93.7750015258789,93.7750015258789,93.7750015258789,24.0,0.20526630434782592
93.56159973144531,93.61160278320312,93.56159973144531,93.61160278320312,93.61160278320312,403.0,0.15632005208333324
93.9000015258789,93.9000015258789,93.8949966430664,93.8949966430664,93.8949966430664,236.0,0.17797151335311565
93.55609893798828,93.55609893798828,93.55609893798828,93.55609893798828,93.55609893798828,18.0,0.20706494252873556
93.71299743652344,93.71299743652344,93.71299743652344,93.71299743652344,93.71299743652344,7.0,0.10311959287531804
93.95989990234376,93.95989990234376,93.87429809570312,93.87429809570312,93.87429809570312,157.0,0.2231585507246374
93.74230194091795,93.74230194091795,93.74230194091795,93.74230194091795,93.74230194091795,3.0,0.23401396011396008
93.427001953125,93.427001953125,93.427001953125,93.427001953125,93.427001953125,2.0,0.1815505714285712
93.5500030517578,93.5500030517578,93.5250015258789,93.5251007080078,93.5251007080078,6692.0,0.21945770234986928
93.3000030517578,93.3000030517578,93.3000030517578,93.3000030517578,93.3000030517578,1.0,0.16899078212290478
93.10009765625,93.10009765625,93.05500030517578,93.05500030517578,93.05500030517578,348.0,0.19150867208672082
93.04499816894531,93.04499816894531,93.0072021484375,93.0072021484375,93.0072021484375,4602.0,0.18643967391304325
92.83999633789062,92.8583984375,92.83000183105469,92.8583984375,92.8583984375,1259.0,0.27597679999999963
93.11239624023438,93.11239624023438,93.11239624023438,93.11239624023438,93.11239624023438,1.0,0.2659608219178081
93.0199966430664,93.0199966430664,93.00499725341795,93.00499725341795,93.00499725341795,226.0,0.23948962264150922
92.7593002319336,92.7593002319336,92.73999786376952,92.73999786376952,92.73999786376952,799.0,0.28051436031331584
92.69660186767578,92.69660186767578,92.69660186767578,92.69660186767578,92.69660186767578,3.0,0.2268631097560973
92.6999969482422,92.72000122070312,92.66500091552734,92.66500091552734,92.66500091552734,2715.0,0.19021594594594565
92.28500366210938,92.3000030517578,92.28399658203124,92.28399658203124,92.28399658203124,756.0,0.21736871508379885
92.56999969482422,92.57009887695312,92.5250015258789,92.57009887695312,92.57009887695312,2001.0,0.2743829479768784
,,,,,,0.25848479532163743
92.11740112304688,92.11740112304688,92.11740112304688,92.11740112304688,92.11740112304688,19.0,0.1646821158690176
92.30999755859376,92.41419982910156,92.30999755859376,92.41419982910156,92.41419982910156,293.0,0.2776232499999998
92.27429962158205,92.27429962158205,92.27429962158205,92.27429962158205,92.27429962158205,4.0,0.2553199999999994
92.22119903564452,92.22119903564452,92.22119903564452,92.22119903564452,92.22119903564452,58.0,0.22939651474530812
92.17330169677734,92.17330169677734,92.17330169677734,92.17330169677734,92.17330169677734,36.0,0.313678205128205
91.70999908447266,91.75879669189452,91.6999969482422,91.75879669189452,91.75879669189452,2403.0,0.2067059154929575
91.6510009765625,91.79000091552734,91.6500015258789,91.72840118408205,91.72840118408205,1854.0,0.25447279792746086
91.58499908447266,91.58499908447266,91.54499816894531,91.54499816894531,91.54499816894531,127.0,0.26503050000000006
91.6449966430664,91.6449966430664,91.6449966430664,91.6449966430664,91.6449966430664,4.0,0.23117570621468916
91.4499969482422,91.4499969482422,91.44889831542969,91.44889831542969,91.44889831542969,116.0,0.1930704871060171
91.21980285644531,91.2300033569336,91.21499633789062,91.22660064697266,91.22660064697266,2316.0,0.18823643031784804
91.13009643554688,91.31990051269531,91.13009643554688,91.31500244140624,91.31500244140624,7816.0,0.22232765957446798
90.76959991455078,90.8000030517578,90.69049835205078,90.73500061035156,90.73500061035156,8384.0,0.13337249357326408
90.51100158691406,90.65989685058594,90.45999908447266,90.5999984741211,90.5999984741211,14798.0,0.1920080519480518
90.34010314941406,90.34010314941406,89.94999694824219,89.95999908447266,89.95999908447266,1669.0,0.35480635696821483
90.02999877929688,90.02999877929688,89.70999908447266,89.70999908447266,89.70999908447266,2803.0,0.2658155339805822
89.73290252685547,90.0740966796875,89.65689849853516,90.0740966796875,90.0740966796875,877.0,0.2568743589743584
89.79000091552734,89.83999633789062,89.79000091552734,89.81279754638672,89.81279754638672,1090.0,0.2436326370757178
90.0,90.0,89.67220306396484,89.67220306396484,89.67220306396484,2654.0,0.31444742547425425
90.2699966430664,90.42990112304688,90.25360107421876,90.25659942626952,90.25659942626952,738.0,0.32607807881773354
90.58000183105469,90.58000183105469,90.4456024169922,90.4456024169922,90.4456024169922,157.0,0.23044680306905363
90.07209777832031,90.07209777832031,90.07209777832031,90.07209777832031,90.07209777832031,44.0,0.19813409669211188
89.94000244140625,89.94000244140625,89.94000244140625,89.94000244140625,89.94000244140625,145.0,0.33207670157068014
89.6104965209961,89.6104965209961,89.6104965209961,89.6104965209961,89.6104965209961,2.0,0.22488563685636825
89.47840118408203,89.47840118408203,89.47840118408203,89.47840118408203,89.47840118408203,11.0,0.4008244736842106
89.44100189208984,89.46849822998047,89.44010162353516,89.46849822998047,89.46849822998047,861.0,0.5299457983193285
89.55269622802734,89.55269622802734,89.55269622802734,89.55269622802734,89.55269622802734,2.0,0.22090644257703043
89.30599975585938,89.30599975585938,89.30599975585938,89.30599975585938,89.30599975585938,2.0,0.3647578817733984
89.14409637451172,89.14409637451172,89.14409637451172,89.14409637451172,89.14409637451172,4.0,0.3355553333333335
89.26190185546875,89.26190185546875,89.21289825439453,89.21289825439453,89.21289825439453,169.0,0.16359401993355482
89.3302001953125,89.3302001953125,89.3302001953125,89.3302001953125,89.3302001953125,28.0,0.2546714634146339
88.89179992675781,88.89179992675781,88.89179992675781,88.89179992675781,88.89179992675781,30.0,0.25018617021276524
88.60900115966797,88.60900115966797,88.60900115966797,88.60900115966797,88.60900115966797,100.0,0.22832324929971978
88.8895034790039,88.8895034790039,88.8895034790039,88.8895034790039,88.8895034790039,131.0,0.3676094252873566
88.88009643554688,88.89900207519531,88.88009643554688,88.88009643554688,88.88009643554688,115.0,0.3466518617021275
89.26629638671875,89.31950378417969,89.26629638671875,89.26629638671875,89.26629638671875,136.0,0.30075421686746984
89.38500213623047,89.48500061035156,89.38500213623047,89.44049835205078,89.44049835205078,3815.0,0.18203824999999987
,,,,,,0.17259328358208934
