Open,High,Low,Close,Adj Close,Volume,compound
128.6199951171875,130.0,128.50999450683594,129.17999267578122,119.4728775024414,7876300.0,0.18037317073170725
129.69999694824222,129.97000122070312,128.55999755859378,129.1199951171875,119.41738891601562,4506300.0,0.13910555555555554
133.30000305175778,133.52999877929688,131.72999572753906,132.83999633789062,122.85785675048828,9627600.0,0.18558103448275856
132.3800048828125,132.83999633789062,130.88999938964844,132.03999328613278,122.1179656982422,7686700.0,0.2773320574162677
132.05000305175778,133.0,131.13999938964844,131.19999694824222,121.3410873413086,5541800.0,0.28694320987654315
131.80000305175778,131.94999694824222,130.08999633789062,130.22999572753906,120.44397735595705,6140300.0,0.23395511111111092
130.52999877929688,131.47000122070312,129.67999267578122,130.41999816894528,120.61969757080078,6257300.0,0.25769742930591255
130.41999816894528,131.47999572753906,129.69999694824222,130.96000671386722,121.11914825439452,5450000.0,0.21111703470031531
131.72999572753906,132.3800048828125,131.00999450683594,131.42999267578122,121.55380249023438,5873700.0,0.23101384083044965
131.30000305175778,133.03999328613278,130.97000122070312,133.0,123.00582122802734,5003000.0,0.35584835164835155
132.27000427246094,132.52000427246094,131.33000183105472,131.97999572753906,122.06249237060548,4371400.0,0.2588748520710057
132.0,132.08999633789062,131.02000427246094,131.35000610351562,121.47982788085938,5228700.0,0.29085485893416885
131.03999328613278,131.49000549316406,130.72000122070312,131.27000427246094,121.40583038330078,5885400.0,0.2587051282051283
131.02999877929688,131.36000061035156,130.13999938964844,130.96000671386722,121.11914825439452,4217500.0,0.350179787234042
131.25,134.97000122070312,130.77999877929688,134.94000244140622,124.80004119873048,10495100.0,0.2362316923076924
134.22000122070312,135.69000244140622,132.66000366210938,134.83000183105472,124.6983413696289,9291800.0,0.34176990881458935
135.0,135.19000244140622,134.21000671386722,134.82000732421878,124.6890640258789,5192200.0,0.3154438524590162
135.11000061035156,136.33999633789062,134.07000732421878,135.94000244140622,125.72491455078124,7594400.0,0.2814930379746835
135.94000244140622,136.85000610351562,135.0,136.44000244140622,126.18736267089844,6424900.0,0.11727224334600772
136.64999389648438,138.6300048828125,136.5,138.07000732421878,127.69486236572266,9235800.0,0.3414825726141079
137.05999755859378,137.64999389648438,136.24000549316406,137.17999267578122,127.75069427490234,6111900.0,0.21567211538461534
136.47000122070312,137.33999633789062,135.14999389648438,137.16999816894528,127.7414321899414,10636500.0,0.2329318627450978
137.16000366210938,138.25,136.89999389648438,137.75,128.28157043457028,5523000.0,0.32872118959107793
,,,,,,0.23570000000000008
137.60000610351562,138.27000427246094,136.94000244140622,137.49000549316406,128.0394287109375,3278900.0,0.2490093896713614
137.72000122070312,137.85000610351562,136.85000610351562,137.36000061035156,127.91838073730469,4717100.0,0.19054369369369353
136.91000366210938,137.44999694824222,136.16000366210938,137.16000366210938,127.73212432861328,5741400.0,0.2929590579710147
138.5,139.74000549316406,138.03999328613278,139.3800048828125,129.79953002929688,7257300.0,0.20649606741573032
139.35000610351562,139.75,137.94999694824222,139.55999755859378,129.9671630859375,5472900.0,0.28324470588235284
139.46000671386722,141.5800018310547,139.46000671386722,140.3800048828125,130.73080444335938,6640400.0,0.24244977168949755
140.38999938964844,140.80999755859375,140.05999755859378,140.5,130.84254455566406,4241000.0,0.19628125000000005
140.8000030517578,141.0,139.91000366210938,139.99000549316406,130.3675537109375,5310300.0,0.30440192307692293
140.92999267578125,141.97999572753906,140.6300048828125,140.97999572753906,131.28953552246094,6631500.0,0.1264126984126984
141.32000732421875,142.05999755859375,140.72999572753906,141.33999633789062,131.62480163574222,5012400.0,0.22447333333333327
141.10000610351562,141.8000030517578,140.30999755859378,141.3800048828125,131.66204833984378,4257200.0,0.33241189427312756
141.72999572753906,142.85000610351562,141.49000549316406,141.7899932861328,132.04385375976562,5353100.0,0.21291708542713564
143.0,144.0500030517578,142.52000427246094,143.55999755859375,133.69221496582028,10722400.0,0.25863777777777774
143.72000122070312,143.8800048828125,142.74000549316406,143.19000244140625,133.34761047363278,7849200.0,0.22778861788617888
143.88999938964844,145.8800048828125,143.61000061035156,145.35000610351562,135.35917663574222,9414700.0,0.25082345679012297
146.8800048828125,147.83999633789062,144.8000030517578,146.05999755859375,136.02035522460938,14532800.0,0.392608520179372
145.74000549316406,146.75999450683594,145.33999633789062,146.44000244140625,136.37425231933594,6558700.0,0.22859858156028373
146.0,146.00999450683594,145.25999450683594,145.92999267578125,135.8992919921875,4238900.0,0.38473064516128985
,,,,,,0.39418138297872324
145.97000122070312,146.17999267578125,145.16000366210938,145.8300018310547,135.80613708496094,3019300.0,0.20663508771929825
146.1999969482422,146.5500030517578,145.5399932861328,145.75,135.73167419433594,3432700.0,0.15366326530612245
145.77999877929688,146.1999969482422,145.02999877929688,145.3000030517578,135.31260681152344,2923300.0,0.2847
145.10000610351562,146.00999450683594,144.77999877929688,145.8699951171875,135.84341430664062,4435000.0,0.34495467625899284
,,,,,,0.31221016949152536
145.8699951171875,146.02000427246094,145.0800018310547,145.97000122070312,135.93653869628906,5777000.0,0.25366666666666665
143.5,145.3699951171875,143.0,144.27999877929688,134.36273193359378,5752400.0,0.10247555555555557
144.0,144.1999969482422,142.85000610351562,144.10000610351562,134.19508361816406,7731300.0,0.34062499999999996
144.00999450683594,145.4499969482422,141.3800048828125,144.97999572753906,135.01457214355472,7382900.0,-0.0765666666666667
144.8699951171875,145.97999572753906,143.6999969482422,144.9600067138672,134.99598693847656,6605800.0,0.3103176470588235
145.75999450683594,146.02999877929688,144.99000549316406,145.38999938964844,135.39642333984378,6112700.0,0.13235357142857151
145.75,146.17999267578125,144.89999389648438,145.05999755859375,135.089111328125,5042600.0,0.13481130434782604
145.47999572753906,145.7899932861328,144.72000122070312,145.6999969482422,135.68507385253906,4593200.0,0.22843629032258062
145.0500030517578,146.61000061035156,144.72999572753906,146.52000427246094,136.44874572753906,7037500.0,0.2360883720930232
146.39999389648438,147.39999389648438,146.24000549316406,147.00999450683594,136.90504455566406,4960300.0,0.24413605442176856
147.4199981689453,148.83999633789062,146.1999969482422,148.1999969482422,138.01327514648438,6476000.0,0.23033888888888893
148.41000366210938,149.41000366210938,147.92999267578125,149.1699981689453,138.91661071777344,9083600.0,0.13542100456620987
,,,,,,0.21101041666666667
148.5800018310547,150.1699981689453,148.5,149.27000427246094,139.00975036621094,9543900.0,0.027207116104868867
146.6999969482422,149.17999267578125,146.0,148.25,138.059814453125,10305300.0,0.20373991228070173
148.0399932861328,148.77000427246094,146.75999450683594,148.52999877929688,138.32058715820312,8671900.0,0.28178985507246374
148.5800018310547,148.9499969482422,147.92999267578125,148.32000732421875,138.12503051757812,9051900.0,0.21883804878048785
147.52000427246094,149.4600067138672,147.0,148.75,138.52545166015622,7587100.0,0.18972602040816328
148.4600067138672,150.57000732421875,148.14999389648438,149.5,139.22389221191406,7336600.0,0.18320238095238098
149.4499969482422,151.19000244140625,149.1300048828125,150.5399932861328,140.19239807128906,6288600.0,0.13437663043478265
150.02999877929688,150.50999450683594,149.0500030517578,150.36000061035156,140.02481079101562,6470600.0,0.20412754491017962
149.75,150.0,148.63999938964844,148.8699951171875,138.63722229003906,8651700.0,0.16816041666666673
149.4199981689453,150.49000549316406,149.24000549316406,150.1699981689453,139.84785461425778,5765200.0,0.16298802083333327
151.49000549316406,152.75,151.1999969482422,151.60000610351562,141.17953491210938,6541400.0,0.10495129533678756
151.72000122070312,154.02000427246094,151.30999755859375,153.99000549316406,143.4052734375,5979900.0,0.16563401360544217
154.25,154.5,152.74000549316406,153.52999877929688,142.97691345214844,6201200.0,0.0785872340425532
153.33999633789062,153.4600067138672,151.5500030517578,151.88999938964844,141.44964599609375,5700300.0,0.37254999999999994
151.67999267578125,151.91000366210938,150.88999938964844,151.86000061035156,141.4217071533203,4835600.0,0.14193458646616547
152.2899932861328,152.3800048828125,151.5399932861328,151.99000549316406,141.54275512695312,3715300.0,0.20348930232558124
151.8699951171875,152.14999389648438,150.9199981689453,151.08999633789062,140.70462036132812,5166800.0,0.23095979899497487
150.16000366210938,151.0399932861328,149.8800048828125,150.08999633789062,139.77336120605472,5480200.0,0.3900631578947367
150.55999755859375,150.63999938964844,149.14999389648438,150.1300048828125,139.81059265136722,5716300.0,0.31822648648648655
,,,,,,0.22243333333333334
150.47000122070312,150.74000549316406,149.05999755859375,149.13999938964844,138.88865661621094,7230700.0,0.2166271604938272
149.2100067138672,149.75999450683594,148.5800018310547,148.94000244140625,138.702392578125,6115200.0,0.17957352941176472
148.61000061035156,149.3800048828125,147.39999389648438,148.3699951171875,138.17155456542972,7464700.0,0.30202727272727276
148.08999633789062,150.24000549316406,147.5399932861328,149.92999267578125,139.62431335449222,7776800.0,0.3027407407407407
146.5,149.0,145.25,145.91000366210938,136.74713134765622,10588900.0,0.22497777777777783
145.99000549316406,146.75,143.8300018310547,144.64999389648438,135.56626892089844,10529000.0,0.32210446428571465
145.35000610351562,146.22000122070312,143.58999633789062,143.67999267578125,134.65715026855472,10093800.0,0.21877083333333325
142.55999755859375,144.77000427246094,138.94999694824222,139.1199951171875,130.38352966308594,12566700.0,0.23632822580645177
135.36000061035156,137.28999328613278,130.82000732421878,134.47999572753906,126.034912109375,19820300.0,0.17161481481481466
134.77999877929688,140.1300048828125,134.00999450683594,140.02000427246094,131.22700500488278,11508200.0,0.26166384615384625
140.0,140.99000549316406,133.10000610351562,135.58999633789062,127.0752410888672,13662500.0,0.11211401273885355
137.67999267578122,143.63999938964844,137.13999938964844,143.47999572753906,134.46974182128906,10560500.0,0.0915719457013575
140.8000030517578,142.67999267578125,139.83999633789062,142.00999450683594,133.09202575683594,11339200.0,0.16792881355932204
138.47999572753906,143.00999450683594,137.41000366210938,142.02999877929688,133.11077880859378,12239100.0,0.10775483870967748
136.33000183105472,139.67999267578122,134.89999389648438,136.44000244140622,127.871826171875,13848600.0,0.22412139037433154
139.97000122070312,141.9499969482422,134.22999572753906,141.63999938964844,132.74526977539062,12698100.0,0.21814375000000008
138.08999633789062,138.75,131.5,131.80000305175778,123.52322387695312,17763400.0,0.19399921259842515
127.30999755859376,133.75999450683594,124.5,125.41000366210938,117.53450012207031,21539200.0,0.19237121212121208
129.32000732421878,134.91999816894528,124.6500015258789,134.28999328613278,125.85684204101562,20084200.0,0.2101761111111111
123.56999969482422,133.75999450683594,122.43000030517578,127.12999725341795,119.146484375,18877900.0,0.36580600858369056
128.55000305175778,136.77000427246094,127.80999755859376,136.58999633789062,128.01242065429688,18911800.0,0.24176234309623423
131.02000427246094,135.66999816894528,128.71000671386722,134.96000671386722,126.48477935791016,17521100.0,0.20200670103092783
134.99000549316406,134.99000549316406,126.1500015258789,127.0500030517578,119.07149505615234,18482300.0,0.20571507537688422
126.83000183105469,127.44000244140624,118.12999725341795,119.88999938964844,112.36113739013672,19785100.0,0.22426084656084658
117.0,118.55999755859376,109.16000366210938,111.13999938964844,104.1606216430664,20815200.0,0.12681521739130436
118.76000213623048,119.6500015258789,113.86000061035156,119.18000030517578,111.69573211669922,17604800.0,0.2077711538461536
118.91000366210938,123.95999908447266,116.6999969482422,119.4000015258789,111.90191650390624,13986100.0,0.15026495327102798
120.56999969482422,127.0999984741211,120.37999725341795,126.56999969482422,118.62165069580078,15066800.0,0.23454662162162146
121.6500015258789,127.62000274658205,120.58000183105469,123.16000366210938,115.42578887939452,12133200.0,0.27029869565217357
128.46000671386722,133.99000549316406,127.5,133.00999450683594,124.6572036743164,21754000.0,0.23639595375722514
134.99000549316406,135.71000671386722,130.05000305175778,131.1300048828125,122.89529418945312,15746100.0,0.2154336734693871
127.6999969482422,130.22999572753906,125.5,128.80999755859378,120.7209701538086,12606100.0,0.3193677811550141
129.1199951171875,134.0,127.22000122070312,133.14999389648438,124.7884292602539,11594500.0,0.4156967871485945
132.3800048828125,134.78999328613278,131.58000183105472,134.16999816894528,125.74436950683594,10071200.0,0.23741124999999993
137.00999450683594,140.97000122070312,135.53999328613278,139.75999450683594,130.98333740234378,14994400.0,0.12263344262295071
139.86000061035156,142.02999877929688,137.25999450683594,137.47999572753906,128.84654235839844,11567100.0,0.10712789968652038
137.75,144.1300048828125,137.30000305175778,143.25999450683594,134.26356506347656,10758200.0,0.19828065476190437
144.00999450683594,145.4199981689453,140.27999877929688,141.22999572753906,132.36102294921878,11125400.0,0.1404151315789473
,,,,,,0.2455351274787532
140.0,141.49000549316406,137.83999633789062,139.77000427246094,130.99272155761722,8153200.0,0.2017113043478259
145.4199981689453,147.4199981689453,144.0500030517578,146.02999877929688,136.85958862304688,13838000.0,0.18812972136222889
145.5500030517578,147.91000366210938,143.5399932861328,147.66000366210938,138.38723754882812,11962300.0,0.24085619834710717
148.30999755859375,150.67999267578125,146.44000244140625,149.6699981689453,140.27098083496094,12181700.0,0.27450945273631794
151.99000549316406,152.3000030517578,149.60000610351562,152.02000427246094,142.47344970703125,10920000.0,0.32175744047618976
150.92999267578125,153.0,150.08999633789062,151.6699981689453,142.14540100097656,12226200.0,0.33172404371584624
150.1199951171875,151.63999938964844,148.57000732421875,149.67999267578125,140.28038024902344,9951100.0,0.22077239819004496
152.80999755859375,155.0,151.72999572753906,152.99000549316406,143.38253784179688,11515600.0,0.24739027237354053
154.25,157.0,153.6999969482422,155.50999450683594,145.74424743652344,10665000.0,0.21465854430379733
155.57000732421875,156.3000030517578,153.63999938964844,154.86000061035156,145.13507080078125,8653400.0,0.22520153061224496
154.80999755859375,156.0500030517578,154.0,154.2899932861328,144.60089111328125,8924000.0,0.2619665480427041
151.25,153.10000610351562,150.6999969482422,151.38999938964844,141.88299560546875,8558700.0,0.2994107023411365
151.3800048828125,151.6300048828125,149.16000366210938,150.24000549316406,140.8052520751953,9285200.0,0.29437916666666664
148.4600067138672,150.42999267578125,147.16000366210938,150.0399932861328,140.61776733398438,14829600.0,0.24154728033472797
149.6199951171875,149.6699981689453,146.7899932861328,148.2899932861328,138.9776611328125,7309000.0,0.24303632286995516
148.77000427246094,149.0800018310547,147.08999633789062,148.27000427246094,138.95895385742188,7198400.0,0.329074537037037
149.0,150.77999877929688,148.63999938964844,149.5,140.11167907714844,6562300.0,0.295445210727969
150.0,150.32000732421875,148.0399932861328,148.0800018310547,138.78085327148438,6191600.0,0.23254139941690946
149.3699951171875,149.52999877929688,147.1300048828125,147.58999633789062,138.32164001464844,5570500.0,0.2667091743119267
148.9199981689453,149.17999267578125,147.88999938964844,148.6999969482422,139.3619384765625,4712100.0,0.2936641025641018
148.4499969482422,150.10000610351562,148.1199951171875,149.11000061035156,139.74617004394528,5887500.0,0.23643490909090908
150.10000610351562,150.33999633789062,147.02999877929688,147.13999938964844,137.89990234375,7039200.0,0.19040740740740733
146.0800018310547,148.9499969482422,146.00999450683594,147.1300048828125,137.89053344726562,6970500.0,0.163114798206278
145.38999938964844,147.75999450683594,144.25999450683594,147.63999938964844,138.36848449707028,6871400.0,0.2226661654135336
147.8699951171875,150.47999572753906,145.66000366210938,150.44000244140625,140.99266052246094,10340400.0,0.23179493670886064
152.49000549316406,153.6199951171875,150.4600067138672,150.52000427246094,141.06764221191406,7388400.0,0.19257882736156348
150.10000610351562,151.10000610351562,148.39999389648438,149.02000427246094,139.66181945800778,6107300.0,0.10907892376681624
149.75,150.38999938964844,147.27000427246094,147.67999267578125,138.40597534179688,5713400.0,0.1746727777777778
148.5,148.5,145.82000732421875,146.7100067138672,137.49690246582028,6487300.0,0.260551219512195
144.57000732421875,146.2899932861328,144.05999755859375,144.3699951171875,136.24177551269528,6140900.0,0.24336761363636378
,,,,,,0.2526432098765431
146.19000244140625,146.44000244140625,144.3000030517578,144.55999755859375,136.42108154296878,7072300.0,0.14624713114754087
144.32000732421875,145.25,143.00999450683594,144.88999938964844,136.73248291015622,7950000.0,0.28077416107382525
146.02000427246094,148.11000061035156,145.80999755859375,146.97000122070312,138.69540405273438,6189600.0,0.16223023952095803
147.9600067138672,149.35000610351562,145.3300018310547,148.75,140.37516784667972,8504000.0,0.31415047318612
147.2899932861328,148.33999633789062,146.00999450683594,147.19000244140625,138.90299987792972,6141800.0,-0.1293349999999996
147.05999755859375,148.35000610351562,146.1199951171875,148.25,139.90330505371094,6078300.0,-0.08023585858585848
148.52000427246094,149.13999938964844,146.4499969482422,148.64999389648438,140.28079223632812,6339500.0,0.08358930041152253
146.8000030517578,148.3699951171875,145.5800018310547,146.72999572753906,138.46890258789062,8170500.0,0.20091502347417833
147.69000244140625,149.63999938964844,146.60000610351562,147.3000030517578,139.0068359375,9725400.0,0.2344042918454935
145.8800048828125,147.61000061035156,145.74000549316406,146.77000427246094,138.50665283203122,7555600.0,0.1843857142857144
148.25,149.3300018310547,145.64999389648438,145.9600067138672,137.74227905273438,8247200.0,0.20192157894736837
146.60000610351562,150.02999877929688,146.60000610351562,147.8000030517578,139.4786376953125,10137100.0,0.16323663003663
148.5800018310547,149.1699981689453,140.75,140.8699951171875,132.93882751464844,11913300.0,0.16133794466403156
142.83999633789062,143.7100067138672,140.27999877929688,142.14999389648438,134.14675903320312,8687400.0,0.15852745098039214
141.0,142.39999389648438,139.38999938964844,141.25,133.29743957519528,8649600.0,0.28443764705882324
144.08999633789062,145.4199981689453,142.77000427246094,144.4600067138672,136.32673645019528,7579100.0,0.19801563786008228
144.89999389648438,145.4199981689453,143.47000122070312,144.02000427246094,135.9114990234375,5100100.0,0.3441815126050415
142.52000427246094,144.1199951171875,141.8699951171875,143.41000366210938,135.33584594726562,4797400.0,0.27715110132158577
145.7899932861328,145.8800048828125,143.25,143.8300018310547,135.73216247558594,12206900.0,0.20413750000000006
143.47000122070312,143.66000366210938,142.02999877929688,143.38999938964844,135.31695556640622,5285600.0,0.30268128654970766
143.74000549316406,144.0800018310547,142.67999267578125,142.86000061035156,134.81678771972656,5921600.0,0.12224669421487604
141.49000549316406,142.19000244140625,138.72000122070312,139.82000732421878,131.94795227050778,8211200.0,0.16287261410788384
140.57000732421878,140.57000732421878,137.53999328613278,139.66999816894528,131.806396484375,7421200.0,0.19453116279069724
139.52999877929688,139.60000610351562,137.02000427246094,137.80999755859378,130.05113220214844,12849700.0,0.2515287128712869
138.74000549316406,139.69999694824222,137.97999572753906,139.03999328613278,131.21185302734378,5309800.0,0.2716723926380367
139.39999389648438,141.02000427246094,137.83999633789062,140.6300048828125,132.71232604980472,7738300.0,0.16479393939393927
140.69000244140622,141.38999938964844,140.05999755859378,140.3800048828125,132.47642517089844,6174800.0,0.23898066666666656
141.25,141.83999633789062,140.33000183105472,140.97000122070312,133.03321838378906,5152200.0,0.21796633165829146
,,,,,,0.20657248062015485
142.1699981689453,143.77000427246094,141.8800048828125,142.97999572753906,134.93003845214844,6156400.0,0.2579835616438356
141.38999938964844,143.97000122070312,141.22999572753906,142.85000610351562,134.80735778808594,5622600.0,0.23388500000000004
142.8699951171875,143.38999938964844,141.6999969482422,143.27000427246094,135.20372009277344,6257400.0,0.3606478260869567
142.75999450683594,144.42999267578125,140.58000183105472,142.49000549316406,134.46762084960938,5738600.0,0.30618103448275846
142.75,142.8699951171875,141.42999267578125,142.3699951171875,134.35438537597656,4282400.0,0.25676477987421403
143.61000061035156,146.63999938964844,143.27999877929688,145.2100067138672,137.03450012207028,6951900.0,0.2314121428571429
145.32000732421875,148.38999938964844,145.25999450683594,147.9199981689453,139.59190368652344,7447100.0,0.33785483870967753
149.72999572753906,150.2100067138672,148.22999572753906,148.25999450683594,139.91276550292972,8512800.0,0.2113179487179488
148.67999267578125,149.33999633789062,146.67999267578125,149.25,140.84703063964844,9304700.0,0.14676192468619245
150.0,150.5800018310547,148.69000244140625,149.35000610351562,140.94139099121094,7441100.0,0.3099357859531764
150.22999572753906,150.32000732421875,148.42999267578125,149.60000610351562,141.17730712890625,6191500.0,0.27700518518518447
149.60000610351562,151.6699981689453,149.5,149.74000549316406,141.30943298339844,5575900.0,0.2515266666666664
149.92999267578125,150.41000366210938,147.85000610351562,150.00999450683594,141.56422424316406,5910200.0,0.18536096256684492
150.2100067138672,150.85000610351562,149.27999877929688,149.61000061035156,141.18673706054688,6566300.0,0.1960565714285715
150.5,150.60000610351562,147.02999877929688,148.1199951171875,139.7806396484375,5405900.0,0.15541249999999984
147.3699951171875,148.9199981689453,146.86000061035156,147.17999267578125,138.89356994628906,5675200.0,0.17096941176470593
147.39999389648438,147.99000549316406,146.75,146.8300018310547,138.56327819824222,4842200.0,0.26843428571428574
146.38999938964844,147.47000122070312,146.07000732421875,146.5399932861328,138.28961181640622,4489100.0,0.09438937500000003
147.44000244140625,147.5,146.13999938964844,146.83999633789062,138.57270812988278,5922500.0,0.29674677966101726
146.66000366210938,147.4499969482422,143.9600067138672,145.75999450683594,137.55352783203122,8259600.0,0.2503743478260869
146.38999938964844,147.7899932861328,146.14999389648438,147.35000610351562,139.05398559570312,4078700.0,0.3648630319148931
146.99000549316406,147.22000122070312,145.82000732421875,147.22000122070312,138.93133544921878,4162200.0,0.20732793522267196
149.10000610351562,149.30999755859375,147.8000030517578,148.39999389648438,140.04489135742188,5467500.0,0.2644731788079469
148.39999389648438,149.25,146.5,147.5500030517578,139.24275207519528,4837900.0,0.21671438356164385
147.50999450683594,148.64999389648438,147.14999389648438,148.60000610351562,140.23361206054688,3635100.0,0.2553798283261803
148.86000061035156,149.00999450683594,147.72000122070312,148.02999877929688,139.69570922851562,4096600.0,0.2452215962441314
149.13999938964844,149.22999572753906,146.3699951171875,146.97000122070312,138.69540405273438,6388400.0,0.13169999999999973
147.5399932861328,150.24000549316406,147.49000549316406,149.66000366210938,141.23394775390625,5257300.0,0.19989553264604804
148.5399932861328,149.19000244140625,147.52999877929688,148.0,139.66740417480472,5155500.0,0.16292810218978082
147.61000061035156,149.33999633789062,147.5800018310547,148.24000549316406,139.89390563964844,4240200.0,0.18860117187499978
148.32000732421875,150.22999572753906,148.22999572753906,148.99000549316406,140.60166931152344,4306900.0,0.23277124999999993
149.25999450683594,150.10000610351562,148.57000732421875,150.08999633789062,141.63975524902344,4322600.0,0.23281600000000005
149.5800018310547,151.5800018310547,149.32000732421875,150.38999938964844,141.9228515625,7816300.0,0.2237441489361702
149.75,151.5800018310547,149.5500030517578,151.4199981689453,142.89486694335938,4874700.0,0.1803220408163265
151.77999877929688,153.64999389648438,150.58999633789062,152.75999450683594,144.15940856933594,6722800.0,0.2825999999999999
152.74000549316406,152.89999389648438,150.35000610351562,152.14999389648438,144.53941345214844,5387900.0,0.05072124183006535
152.77999877929688,153.07000732421875,151.5399932861328,152.05999755859375,144.45391845703125,3863500.0,0.1664765432098766
151.86000061035156,152.64999389648438,150.63999938964844,152.3000030517578,144.68191528320312,8008300.0,0.11027844036697249
152.4199981689453,153.25999450683594,151.88999938964844,152.97999572753906,145.327880859375,5575400.0,0.09019142857142856
152.74000549316406,153.6999969482422,151.89999389648438,153.63999938964844,145.9548797607422,5395700.0,0.11544050632911401
153.0,154.39999389648438,152.25999450683594,153.41000366210938,145.73638916015625,6362700.0,0.12175307692307694
153.8699951171875,154.0800018310547,150.07000732421875,151.52000427246094,143.94091796875,6307700.0,0.1970065693430657
150.7899932861328,154.3300018310547,149.25,153.8300018310547,146.13539123535156,6881900.0,0.31370837438423643
154.8300018310547,155.47000122070312,148.3000030517578,149.5500030517578,142.0694580078125,8672800.0,0.15288821548821532
150.1699981689453,150.9499969482422,147.1300048828125,148.58999633789062,141.15748596191406,7200100.0,0.18826753926701562
,,,,,,0.368808119658119
150.25,150.88999938964844,146.89999389648438,147.25999450683594,139.89401245117188,8756800.0,0.12793025210084025
148.14999389648438,151.10000610351562,148.1199951171875,149.6999969482422,142.2119598388672,6960700.0,0.20571401515151524
149.25,149.77999877929688,146.52000427246094,146.91000366210938,139.5615234375,6191800.0,0.22545978835978828
147.0500030517578,148.52999877929688,146.6300048828125,147.77999877929688,140.38800048828122,3934700.0,0.1730376068376068
148.1199951171875,149.47000122070312,148.00999450683594,148.35000610351562,140.9294891357422,4375800.0,0.24555306122448972
149.4499969482422,150.58999633789062,148.52000427246094,148.88999938964844,141.4424591064453,3658800.0,0.2012098859315591
149.38999938964844,150.05999755859375,148.35000610351562,148.39999389648438,140.9769744873047,4323000.0,0.25853764258555145
148.0399932861328,148.6300048828125,146.0500030517578,147.1699981689453,139.80848693847656,5461400.0,0.08360329670329675
146.50999450683594,149.64999389648438,146.1999969482422,149.17999267578125,141.7179718017578,12174000.0,0.2255235109717868
147.5800018310547,147.92999267578125,142.9600067138672,145.10000610351562,137.84207153320312,7574500.0,0.22310114068441056
144.69000244140625,145.35000610351562,143.72000122070312,144.2100067138672,136.99656677246094,5295900.0,0.28387677902621705
147.47999572753906,147.5500030517578,144.3800048828125,144.44000244140625,137.21505737304688,8784400.0,0.11092957746478875
144.55999755859375,145.25,143.33999633789062,144.6699981689453,137.43354797363278,5614800.0,0.1712591928251121
144.0,146.25,143.88999938964844,145.66000366210938,138.37405395507812,5531200.0,0.23657521367521367
146.72999572753906,148.2899932861328,146.4199981689453,147.11000061035156,139.75149536132812,5843200.0,0.20555809523809523
147.60000610351562,147.9199981689453,146.05999755859375,147.05999755859375,139.70402526855472,6768600.0,0.2733071129707113
147.4499969482422,149.72999572753906,146.83999633789062,148.8800048828125,141.4329833984375,8487700.0,0.38730183486238595
149.30999755859375,149.64999389648438,146.4600067138672,147.32000732421875,139.95103454589844,6457800.0,0.29458749999999984
146.2100067138672,148.41000366210938,145.8300018310547,146.24000549316406,138.92503356933594,5485600.0,0.35750232558139516
147.0,148.3800048828125,146.4199981689453,148.22999572753906,140.81549072265625,4992800.0,0.22839821428571444
148.27999877929688,148.61000061035156,145.8699951171875,146.25999450683594,138.94400024414062,5118200.0,0.20652417582417573
146.49000549316406,148.22999572753906,145.80999755859375,147.8800048828125,140.48298645019528,5603100.0,0.28040092165898606
148.5,149.85000610351562,148.0399932861328,148.88999938964844,141.4424591064453,4413500.0,0.2101537037037035
149.64999389648438,151.47999572753906,149.4499969482422,150.97000122070312,143.41842651367188,5054100.0,0.24453860465116256
151.60000610351562,153.13999938964844,151.02000427246094,151.83999633789062,144.24490356445312,7273200.0,0.18653722943722936
149.0,150.1199951171875,147.77000427246094,148.36000061035156,140.93899536132812,11057600.0,0.17141211180124227
148.82000732421875,149.02999877929688,147.38999938964844,148.10000610351562,140.69200134277344,7706400.0,0.17882943548387092
147.47999572753906,147.89999389648438,146.3300018310547,147.19000244140625,139.82749938964844,5978600.0,0.22594409448818886
147.60000610351562,148.75999450683594,147.00999450683594,148.10000610351562,140.69200134277344,6097000.0,0.18719456521739125
148.52999877929688,148.89999389648438,144.1300048828125,144.32000732421875,137.10107421875,7250800.0,0.1832402542372882
144.66000366210938,145.75,144.1199951171875,144.5500030517578,137.31954956054688,5325400.0,0.2134799999999999
144.1199951171875,145.33999633789062,143.91000366210938,143.92999267578125,136.73057556152344,5221300.0,0.25628136363636395
144.16000366210938,145.69000244140625,143.83999633789062,145.0800018310547,137.82305908203122,5279700.0,0.19123459459459452
145.8800048828125,147.47000122070312,144.35000610351562,145.24000549316406,137.97503662109378,4154400.0,0.1475337175792508
144.42999267578125,144.77000427246094,142.75,143.97000122070312,136.76856994628906,6929500.0,0.26368288770053455
143.74000549316406,144.2899932861328,142.9199981689453,143.14999389648438,135.98959350585938,4890100.0,0.33920725806451596
141.42999267578125,141.97999572753906,138.17999267578122,138.36000061035156,131.43919372558594,8426100.0,0.11481284916201116
138.0,138.69999694824222,136.05000305175778,137.19000244140622,130.32771301269528,7205400.0,0.18243410852713163
136.67999267578122,137.53999328613278,133.64999389648438,137.11000061035156,130.251708984375,7364100.0,0.14061023890784977
138.97999572753906,139.00999450683594,137.49000549316406,138.69000244140622,131.752685546875,7088000.0,0.30830288461538446
140.02000427246094,140.9600067138672,137.77999877929688,138.5,131.57217407226562,6363000.0,0.28297761904761887
139.49000549316406,142.5399932861328,138.69999694824222,139.39999389648438,132.42716979980472,10263500.0,0.22615939849624056
140.55000305175778,141.8300018310547,139.25999450683594,139.75999450683594,132.7691650390625,8016200.0,0.29076276150627595
140.39999389648438,143.19000244140625,139.64999389648438,142.25,135.13459777832028,5942500.0,0.1547984025559105
148.42999267578125,148.99000549316406,144.9199981689453,146.0800018310547,138.77302551269528,12351600.0,0.25043661538461537
147.25,148.75,146.25999450683594,148.27999877929688,140.86297607421875,7386500.0,0.1875538011695906
149.1699981689453,149.1999969482422,146.86000061035156,147.8000030517578,140.40701293945312,6382400.0,0.14458106796116496
147.61000061035156,148.64999389648438,146.75,148.3000030517578,140.8819580078125,4710300.0,0.12052820512820508
149.08999633789062,150.41000366210938,148.41000366210938,149.89999389648438,142.40194702148438,5893500.0,0.0957788888888888
150.9199981689453,151.3000030517578,149.8000030517578,150.85000610351562,143.304443359375,6266400.0,0.12225848484848481
150.0,150.6300048828125,149.1199951171875,149.35000610351562,141.8794708251953,7297700.0,0.19687238095238097
148.8699951171875,149.75999450683594,147.3699951171875,147.3699951171875,139.99848937988278,6661000.0,0.06960415224913485
147.3000030517578,147.4600067138672,145.58999633789062,147.13999938964844,139.77999877929688,7987700.0,0.08539801587301579
147.0500030517578,147.94000244140625,146.1300048828125,146.36000061035156,139.03900146484378,6354900.0,0.15836410958904112
146.00999450683594,146.00999450683594,143.0399932861328,143.8699951171875,137.62327575683594,7318300.0,0.21967836990595588
144.0,144.75999450683594,143.61000061035156,143.8699951171875,137.62327575683594,11034800.0,0.1523765799256506
144.05999755859375,144.1699981689453,142.86000061035156,143.67999267578125,137.44151306152344,7594600.0,0.21271076233183886
,,,,,,0.1602466911764705
144.5,144.66000366210938,143.22000122070312,144.0,137.74765014648438,3059000.0,0.24014630350194557
144.22999572753906,144.86000061035156,143.05999755859375,144.67999267578125,138.39810180664062,15663200.0,0.21748250000000002
146.2899932861328,149.1300048828125,145.86000061035156,147.4499969482422,141.0478515625,9738200.0,0.25596486486486475
147.85000610351562,149.7100067138672,147.6999969482422,148.13999938964844,141.7078857421875,7745500.0,0.27736633165829144
148.0399932861328,149.5800018310547,147.69000244140625,149.0,142.53054809570312,7310500.0,0.2691476190476189
149.7899932861328,150.30999755859375,149.27000427246094,150.27000427246094,143.7454071044922,6747100.0,0.24014356435643544
149.35000610351562,149.91000366210938,148.50999450683594,148.97000122070312,142.5018310546875,6634700.0,0.18826122448979585
150.0,152.13999938964844,149.5500030517578,151.5500030517578,144.96981811523438,8339800.0,0.2447586538461536
152.8300018310547,153.5,151.75999450683594,153.10000610351562,146.45254516601562,8440100.0,0.15362976190476188
152.82000732421875,152.97999572753906,151.67999267578125,152.25,145.63941955566406,7392900.0,0.16611718213058418
151.52999877929688,153.41000366210938,151.22999572753906,152.9499969482422,146.3090362548828,5977400.0,0.07856166134185298
153.25,153.47999572753906,148.99000549316406,149.07000732421875,142.59750366210938,8547300.0,0.1755363636363636
150.0,150.75,149.52999877929688,150.57000732421875,144.03237915039062,7612600.0,0.2124674311926606
150.1999969482422,150.9199981689453,149.5500030517578,149.6699981689453,143.1714630126953,8486100.0,0.2687546255506606
150.08999633789062,153.88999938964844,149.9600067138672,153.6199951171875,146.94993591308594,9920300.0,0.2521689075630252
153.64999389648438,155.10000610351562,151.6699981689453,154.50999450683594,147.8013153076172,17137200.0,0.06581710037174726
152.00999450683594,153.41000366210938,150.0500030517578,153.02000427246094,146.37599182128906,7893400.0,0.25939197530864194
152.39999389648438,153.89999389648438,151.86000061035156,152.72000122070312,146.0890350341797,4699500.0,0.2725858131487887
152.8000030517578,153.60000610351562,151.89999389648438,151.94000244140625,145.3428955078125,4607300.0,0.21967936507936497
151.85000610351562,153.0399932861328,151.82000732421875,152.47000122070312,145.84988403320312,2114900.0,0.27985254901960777
,,,,,,0.3031236453201965
153.32000732421875,153.8699951171875,152.3000030517578,153.19000244140625,146.53863525390625,3855500.0,0.2803820175438594
154.11000061035156,154.92999267578125,153.8000030517578,154.13999938964844,147.44735717773438,5212000.0,0.29564725738396647
154.74000549316406,156.3800048828125,154.60000610351562,156.0500030517578,149.2744598388672,5412800.0,0.1952451048951048
156.52999877929688,157.66000366210938,155.11000061035156,157.3800048828125,150.54669189453125,5099900.0,0.2518718894009216
,,,,,,0.29133076923076917
157.24000549316406,157.3800048828125,154.1300048828125,156.5,149.7049102783203,11765900.0,0.18444644970414195
156.25,158.75999450683594,155.07000732421875,158.33999633789062,151.4650115966797,9602300.0,0.22173596837944648
157.24000549316406,160.22999572753906,156.72000122070312,159.8300018310547,152.89031982421875,8230100.0,0.20884025423728816
159.0,161.02999877929688,158.35000610351562,160.3699951171875,153.40687561035156,7747200.0,0.17379181034482757
160.50999450683594,161.10000610351562,159.8800048828125,160.0399932861328,153.0911865234375,8228900.0,0.16710040485829947
160.55999755859375,161.32000732421875,158.77000427246094,159.3699951171875,152.45028686523438,7066200.0,0.12806933962264153
159.14999389648438,159.66000366210938,157.3300018310547,158.1300048828125,151.26414489746094,6903200.0,0.1917999999999999
158.22999572753906,158.4600067138672,156.75,157.88999938964844,151.03453063964844,6643100.0,0.26481220159151175
160.4499969482422,161.9499969482422,159.61000061035156,160.64999389648438,153.6746826171875,10030800.0,0.21747842323651442
160.3000030517578,161.41000366210938,159.11000061035156,160.3000030517578,153.3398895263672,7630800.0,0.23593671497584529
,,,,,,0.2649954285714285
162.0,163.0399932861328,161.10000610351562,162.77999877929688,155.7122344970703,9057600.0,0.14902182320441978
163.1999969482422,164.13999938964844,161.8000030517578,162.3800048828125,155.32960510253906,6839900.0,0.32399842519685046
161.32000732421875,162.47999572753906,160.05999755859375,161.72999572753906,154.70782470703125,6818000.0,0.3862607894736833
162.36000061035156,165.16000366210938,161.8699951171875,163.5500030517578,156.4488067626953,8137000.0,0.2758403508771928
165.00999450683594,166.08999633789062,163.66000366210938,165.97999572753906,158.77328491210938,9924400.0,0.14550909090909078
169.6999969482422,173.64999389648438,169.38999938964844,170.47999572753906,163.07791137695312,14205700.0,0.23559911764705865
169.1199951171875,170.9199981689453,167.4499969482422,167.8800048828125,160.5908203125,14207300.0,0.15266536144578322
168.1999969482422,170.86000061035156,167.8000030517578,169.16000366210938,161.8152313232422,8944400.0,0.2735310144927539
164.25999450683594,166.0,160.5500030517578,163.1300048828125,156.0470428466797,22505900.0,0.37107594594594495
165.30999755859375,165.30999755859375,162.60000610351562,162.7100067138672,155.645263671875,9971400.0,0.18472
163.3800048828125,163.66000366210938,161.17999267578125,161.25,154.2486572265625,11443300.0,0.2934451851851853
160.94000244140625,161.52000427246094,159.57000732421875,160.5,153.53121948242188,8601900.0,0.25698214285714277
161.0,162.08999633789062,159.75999450683594,161.99000549316406,154.95652770996094,7758100.0,-0.16618388059701425
164.86000061035156,165.44000244140625,163.86000061035156,164.4499969482422,157.30972290039062,9495300.0,0.1672848484848485
165.02999877929688,165.9199981689453,163.8800048828125,164.9199981689453,157.75929260253906,6035300.0,0.18421515151515144
165.1999969482422,166.58999633789062,164.97000122070312,166.27000427246094,159.05068969726562,5544200.0,0.16229623287671235
167.88999938964844,167.94000244140625,165.6999969482422,166.80999755859375,159.56724548339844,5921300.0,0.15205040650406498
167.0,167.3800048828125,165.60000610351562,166.05999755859375,158.8498077392578,4871300.0,0.19964077669902894
164.39999389648438,166.85000610351562,164.0,166.5800018310547,159.34722900390625,4413100.0,0.2604854054054055
,,,,,,0.3673970414201182
166.5800018310547,167.0500030517578,164.63999938964844,165.07000732421875,157.90281677246094,5656100.0,0.146413025210084
164.97000122070312,166.08999633789062,164.36000061035156,165.66000366210938,158.46719360351562,6676700.0,0.10982566037735854
164.9600067138672,166.16000366210938,164.3000030517578,165.74000549316406,158.543701171875,5189100.0,0.16199452736318395
165.60000610351562,165.9600067138672,162.91000366210938,162.97999572753906,155.90354919433594,8190900.0,0.1943238636363634
161.8699951171875,162.5399932861328,160.2899932861328,161.8699951171875,155.8072967529297,6447100.0,0.1934940119760478
161.47999572753906,163.19000244140625,160.39999389648438,160.44000244140625,154.43084716796875,7042800.0,0.23081298701298703
162.39999389648438,164.38999938964844,160.9199981689453,162.58999633789062,156.5003204345703,10286100.0,0.2578373626373627
163.1300048828125,163.6999969482422,161.99000549316406,162.75999450683594,156.66395568847656,9719700.0,0.19307846153846153
162.0,162.41000366210938,157.97000122070312,158.4600067138672,152.52500915527344,14417500.0,0.19809544072948285
161.4499969482422,161.52999877929688,159.08999633789062,159.32000732421875,153.352783203125,10551400.0,0.1622853333333333
159.77999877929688,160.77999877929688,158.60000610351562,159.02000427246094,153.06402587890625,7610900.0,0.1984665492957745
158.25,158.89999389648438,156.05999755859375,156.22000122070312,150.368896484375,8499600.0,0.15343124999999988
155.99000549316406,156.10000610351562,151.47000122070312,153.07000732421875,147.33689880371094,11033200.0,0.160772695035461
153.97999572753906,156.69000244140625,153.1300048828125,156.10000610351562,150.25341796875,8331600.0,0.15244261168384868
157.0,159.3300018310547,155.97999572753906,157.39999389648438,151.50469970703125,6546700.0,0.24187475409836037
156.88999938964844,160.75,156.88999938964844,157.6999969482422,151.79345703125,7461300.0,0.2060554545454545
158.82000732421875,159.89999389648438,157.36000061035156,159.14999389648438,153.1891632080078,6635600.0,0.22073755102040807
159.5399932861328,160.6300048828125,158.9199981689453,159.13999938964844,153.17953491210938,6305600.0,0.15351843434343448
159.27999877929688,160.30999755859375,159.19000244140625,159.60000610351562,153.622314453125,5474800.0,0.14904847457627138
159.75,160.66000366210938,158.5,160.4199981689453,154.41159057617188,5524100.0,0.2792973509933775
160.4600067138672,161.67999267578125,160.24000549316406,161.3699951171875,155.32603454589844,6369100.0,0.18717817258883263
160.8300018310547,161.72999572753906,159.52999877929688,160.77000427246094,154.74850463867188,6001400.0,0.24654553571428525
160.2100067138672,161.49000549316406,159.9600067138672,160.47000122070312,154.45973205566406,4801800.0,0.13285760869565225
160.69000244140625,161.5,159.47000122070312,160.0399932861328,154.0458221435547,14891500.0,0.20094827586206898
158.30999755859375,160.64999389648438,158.0,160.5,154.4886016845703,7544100.0,0.20256472868217051
160.2100067138672,161.1999969482422,158.8800048828125,160.35000610351562,154.34422302246094,7178300.0,0.19278166666666666
160.10000610351562,162.47999572753906,159.82000732421875,161.91000366210938,155.84580993652344,6370100.0,0.14193166666666665
162.44000244140625,162.4499969482422,160.63999938964844,161.97000122070312,155.90353393554688,6269800.0,0.2477015706806281
162.08999633789062,165.10000610351562,161.3800048828125,164.92999267578125,158.75267028808594,7619200.0,0.22004980079681266
163.8300018310547,167.02999877929688,163.6300048828125,166.0399932861328,159.8210906982422,8535100.0,0.20862215909090898
165.02000427246094,165.66000366210938,164.22999572753906,165.00999450683594,158.8296661376953,7236300.0,0.20377545126353794
164.9600067138672,165.38999938964844,163.6999969482422,164.35000610351562,158.1944122314453,8281500.0,0.02401358695652181
162.60000610351562,163.83999633789062,162.25999450683594,162.8300018310547,156.73133850097656,7229700.0,-0.017778016085790875
,,,,,,0.20403832599118926
163.63999938964844,164.75,162.66000366210938,163.42999267578125,157.308837890625,7387100.0,0.3233992565055761
164.0800018310547,164.52000427246094,163.0,163.38999938964844,157.27037048339844,5074200.0,0.14976005221932087
163.5500030517578,164.27999877929688,163.32000732421875,163.61000061035156,157.4821319580078,4608000.0,0.20929971988795498
164.0,164.11000061035156,162.85000610351562,162.97000122070312,156.86610412597656,5039400.0,0.2475273631840795
162.1199951171875,162.92999267578125,159.77999877929688,161.25,155.21051025390625,8418300.0,0.1134907821229048
161.08999633789062,162.0800018310547,160.33999633789062,161.63999938964844,155.58592224121094,5022800.0,0.16486301369863024
156.86000061035156,159.92999267578125,156.52999877929688,159.47999572753906,153.50680541992188,18424100.0,0.02221288659793814
157.8300018310547,160.11000061035156,157.5399932861328,159.9199981689453,153.93031311035156,7718300.0,0.05544043715846995
160.72000122070312,162.38999938964844,160.22999572753906,160.38999938964844,154.38270568847656,7524600.0,0.3232360655737706
161.33999633789062,162.50999450683594,160.55999755859375,162.24000549316406,156.16342163085938,9049400.0,0.11783796296296298
162.5,163.11000061035156,160.83999633789062,162.69000244140625,156.59658813476562,8353500.0,0.04172095238095236
161.0,167.7899932861328,161.0,166.47999572753906,160.24462890625,14050700.0,0.1419928571428572
166.3699951171875,166.91000366210938,165.2899932861328,166.58999633789062,160.3505096435547,6333200.0,0.0700888888888889
165.83999633789062,166.27999877929688,164.6199951171875,165.17999267578125,158.99331665039062,7233000.0,0.16503343465045595
164.52999877929688,166.05999755859375,164.0,165.52000427246094,159.32057189941406,6015300.0,0.10591075697211148
165.2100067138672,165.41000366210938,163.75999450683594,164.1199951171875,157.97300720214844,6027800.0,0.2617986254295532
163.75999450683594,163.91000366210938,162.47000122070312,163.17999267578125,157.06822204589844,6217700.0,0.14406104651162785
162.86000061035156,163.1999969482422,161.64999389648438,161.97999572753906,155.9131622314453,7448000.0,0.21422790697674374
161.89999389648438,164.25999450683594,161.80999755859375,164.1999969482422,158.0500030517578,6394300.0,0.2148081818181818
164.14999389648438,164.3300018310547,162.52000427246094,162.72999572753906,156.63507080078125,9079100.0,0.3072042622950818
163.60000610351562,165.32000732421875,163.1199951171875,165.2100067138672,159.02218627929688,6594100.0,0.1510317829457362
164.8300018310547,167.85000610351562,164.6699981689453,167.77000427246094,161.48631286621094,10179500.0,0.09119464285714281
167.5,168.39999389648438,166.7899932861328,167.07000732421875,160.8125457763672,7792300.0,0.24006428571428573
166.7899932861328,167.88999938964844,166.24000549316406,167.74000549316406,161.45741271972656,5529900.0,0.22052107438016497
168.3000030517578,169.17999267578125,167.8300018310547,168.5,162.18896484375,5316200.0,0.24970321637426868
169.89999389648438,171.52999877929688,169.22999572753906,170.27000427246094,163.89268493652344,8357500.0,0.11518032786885257
170.64999389648438,170.8699951171875,168.27999877929688,168.8800048828125,162.5547332763672,8217900.0,0.22065778546712794
168.5399932861328,169.8000030517578,167.9499969482422,168.1999969482422,161.90020751953125,6758300.0,0.11107841269841279
166.97000122070312,170.6999969482422,166.97000122070312,169.9600067138672,163.5942840576172,8018600.0,0.17134140127388475
171.47999572753906,171.61000061035156,170.1699981689453,170.22000122070312,163.8445587158203,5797700.0,0.20100389610389618
170.39999389648438,171.88999938964844,170.30999755859375,170.38999938964844,164.0081787109375,5722600.0,0.05187767857142872
169.97999572753906,171.3699951171875,169.52999877929688,170.4499969482422,164.06593322753906,5846000.0,0.19952645502645505
169.91000366210938,170.16000366210938,168.0399932861328,170.0800018310547,163.70980834960938,5533800.0,0.20376436170212753
169.94000244140625,171.58999633789062,169.69000244140625,171.07000732421875,164.6627197265625,4853200.0,0.21680960698689947
171.3300018310547,172.74000549316406,170.8699951171875,170.9600067138672,164.5568389892578,6501800.0,0.16148272425249174
170.89999389648438,171.35000610351562,169.77000427246094,170.5500030517578,165.18638610839844,5195100.0,0.24668986013986016
170.6699981689453,171.02999877929688,169.74000549316406,170.0800018310547,164.73117065429688,7444700.0,0.24869592476489016
170.0,170.0800018310547,168.27999877929688,169.07000732421875,163.75294494628906,5726400.0,0.15206487603305793
169.25999450683594,170.1699981689453,168.3800048828125,168.80999755859375,163.5010986328125,8114700.0,0.17674686346863475
169.52000427246094,171.00999450683594,169.1699981689453,169.25,163.92726135253906,6400800.0,0.25109506172839513
,,,,,,0.13911030303030308
170.14999389648438,170.1999969482422,165.3800048828125,165.52999877929688,160.32427978515625,10448400.0,0.17745562130177508
165.3000030517578,166.72999572753906,165.11000061035156,166.1999969482422,160.97315979003906,6806000.0,0.33226642857142846
165.88999938964844,167.14999389648438,165.7100067138672,166.0399932861328,160.81820678710938,5808800.0,0.14212933753943194
167.00999450683594,167.57000732421875,165.8699951171875,165.97000122070312,160.7504119873047,6510300.0,0.24272295081967218
166.0,166.32000732421875,164.6300048828125,164.83999633789062,159.65594482421875,5362800.0,0.23656642066420647
165.27999877929688,165.66000366210938,162.07000732421875,163.38999938964844,158.25157165527344,7746800.0,0.19099457627118643
163.99000549316406,165.77999877929688,163.66000366210938,165.58999633789062,160.3823699951172,5552600.0,0.12056445086705209
166.0,167.5800018310547,165.9499969482422,167.0800018310547,161.82550048828125,6463100.0,0.14446504297994262
167.07000732421875,167.0800018310547,164.22000122070312,164.9600067138672,159.77218627929688,7389900.0,0.07450744336569573
164.5,165.4600067138672,163.89999389648438,165.3699951171875,160.16928100585938,4931300.0,0.17754832826747707
165.22999572753906,165.86000061035156,164.38999938964844,164.49000549316406,159.31698608398438,5062900.0,0.14777328767123246
164.8000030517578,165.75,163.47999572753906,164.42999267578125,159.25885009765625,6988500.0,0.23235762081784359
164.19000244140625,165.6999969482422,163.5,165.22000122070312,160.0240020751953,5874700.0,0.19340416666666674
163.27000427246094,164.19000244140625,161.7899932861328,161.97999572753906,156.88589477539062,12993000.0,0.12418781362007174
162.77000427246094,164.25999450683594,162.25,163.83999633789062,158.68740844726562,6592300.0,0.11345444015443998
163.7100067138672,164.0399932861328,163.27999877929688,163.6199951171875,158.47434997558594,5627800.0,0.1038936395759718
163.69000244140625,163.69000244140625,162.47999572753906,162.6300048828125,157.5154571533203,4493400.0,0.13185999999999964
163.27000427246094,164.1999969482422,162.8000030517578,163.3699951171875,158.23219299316406,4549200.0,0.2897623188405799
162.94000244140625,164.77999877929688,162.88999938964844,164.2100067138672,159.0457763671875,10963800.0,0.33152733812949625
164.44000244140625,165.07000732421875,163.52000427246094,164.02000427246094,158.8617706298828,5604000.0,0.14723749999999994
164.0,164.63999938964844,163.41000366210938,164.02999877929688,158.87142944335938,3749500.0,0.223
164.0,164.97000122070312,163.6699981689453,164.74000549316406,159.55911254882812,6151700.0,0.16515972850678737
164.74000549316406,166.00999450683594,164.6300048828125,165.9600067138672,160.74073791503906,6320200.0,0.27853084577114434
166.02000427246094,169.3000030517578,165.63999938964844,168.97999572753906,163.66575622558594,9059900.0,0.19909207317073188
,,,,,,0.23910163934426232
167.91000366210938,168.86000061035156,166.99000549316406,167.97000122070312,162.6875,6098500.0,0.14830321100917435
167.47999572753906,169.5,167.47999572753906,169.41000366210938,164.08224487304688,6293500.0,0.2950216216216216
168.6999969482422,169.4600067138672,167.5800018310547,169.0800018310547,163.7626190185547,5755500.0,-0.029787765957446814
169.3699951171875,170.3699951171875,169.24000549316406,169.75,164.4115447998047,6120900.0,0.25788596491228083
169.72999572753906,171.17999267578125,168.5399932861328,169.47999572753906,164.15000915527344,7840500.0,0.010971296296296309
168.97000122070312,169.75999450683594,168.6699981689453,169.27000427246094,163.94664001464844,4691200.0,0.19467577092511013
170.0,170.8300018310547,169.0399932861328,170.4199981689453,165.06048583984375,6162900.0,0.18813090128755358
169.3000030517578,169.89999389648438,167.72000122070312,168.3699951171875,163.07492065429688,6656900.0,0.08925746606334845
168.33999633789062,169.08999633789062,167.9499969482422,168.10000610351562,162.81344604492188,5834900.0,0.08948489795918367
166.47999572753906,168.19000244140625,165.32000732421875,166.8800048828125,161.63180541992188,8219700.0,0.10054947916666668
166.89999389648438,170.80999755859375,166.83999633789062,168.4499969482422,163.15243530273438,9902800.0,0.009774328358208927
169.3000030517578,169.69000244140625,167.47999572753906,169.49000549316406,164.1597137451172,7585200.0,0.18425642023346311
169.36000061035156,171.07000732421875,168.64999389648438,169.97999572753906,164.63430786132812,5281900.0,0.15358264462809915
171.0,172.17999267578125,170.3800048828125,171.7899932861328,166.3873748779297,5014900.0,0.10914363636363632
171.82000732421875,172.13999938964844,170.86000061035156,171.8699951171875,166.4648895263672,4484900.0,0.17710055865921803
171.8000030517578,172.72000122070312,170.6699981689453,172.66000366210938,167.2300262451172,7089300.0,0.14458342857142853
172.72999572753906,173.3800048828125,172.0800018310547,172.17999267578125,166.76512145996094,5750700.0,0.20964364261168372
172.74000549316406,173.33999633789062,171.08999633789062,172.17999267578125,166.76512145996094,4214100.0,0.1225310580204777
172.5399932861328,172.97999572753906,171.83999633789062,172.1999969482422,166.78448486328125,5346400.0,0.14299930069930072
172.47000122070312,172.83999633789062,171.3000030517578,172.27000427246094,166.85231018066406,3721500.0,0.14724046692607
172.72999572753906,174.5,172.44000244140625,174.38999938964844,168.90560913085938,6033000.0,0.13019083665338643
174.1999969482422,174.58999633789062,173.25999450683594,173.36000061035156,167.90802001953125,4793100.0,0.22359630872483244
173.85000610351562,173.85000610351562,172.4199981689453,173.69000244140625,168.22764587402344,4291000.0,0.15105852842809356
173.94000244140625,173.94000244140625,172.4499969482422,173.11000061035156,167.66587829589844,4581100.0,0.15125676392572948
173.72000122070312,174.25,172.92999267578125,173.7100067138672,168.24700927734375,3950200.0,0.24114267100977171
173.25999450683594,174.11000061035156,172.77999877929688,173.77000427246094,168.30514526367188,3678300.0,0.08997772151898728
174.25,174.47000122070312,173.55999755859375,173.8000030517578,168.33416748046875,4221300.0,0.13463628318584062
173.82000732421875,175.2899932861328,173.58999633789062,175.1999969482422,169.6901397705078,4300400.0,0.13097238805970146
175.2899932861328,176.2899932861328,175.1199951171875,176.25,170.70712280273438,5882100.0,0.12888587896253612
176.5500030517578,177.88999938964844,175.9499969482422,177.83999633789062,172.24713134765625,4782800.0,0.1687328611898016
177.30999755859375,179.50999450683594,177.30999755859375,179.47000122070312,173.82586669921875,6041900.0,0.1460455696202531
179.5,179.5,177.1300048828125,177.19000244140625,171.61756896972656,7134100.0,0.08412922077922076
176.6199951171875,179.3300018310547,176.07000732421875,178.57000732421875,172.9541778564453,5615000.0,0.14024516129032272
178.88999938964844,179.9199981689453,178.07000732421875,179.44000244140625,173.79681396484375,5428700.0,0.1342379870129871
178.38999938964844,178.92999267578125,177.5399932861328,177.61000061035156,173.0465850830078,6461700.0,0.16049796511627903
176.99000549316406,177.2100067138672,175.27999877929688,175.38999938964844,170.88363647460938,5734800.0,0.16152651296829962
175.69000244140625,175.89999389648438,173.88999938964844,174.22999572753906,169.75343322753906,5700300.0,0.20236801152737727
173.9499969482422,174.72000122070312,173.0500030517578,173.3000030517578,168.84732055664062,5031600.0,0.17327406143344687
174.27999877929688,174.27999877929688,172.75,172.92999267578125,168.48681640625,7046100.0,0.10507554744525552
172.7899932861328,174.27999877929688,172.77999877929688,173.66000366210938,169.19808959960938,3252700.0,0.17067721518987328
173.49000549316406,174.49000549316406,172.47999572753906,173.1300048828125,168.68170166015625,7106800.0,0.0951920634920635
172.89999389648438,173.74000549316406,172.05999755859375,173.74000549316406,169.27603149414062,5327400.0,0.20086508474576262
174.33999633789062,175.19000244140625,173.91000366210938,174.92999267578125,170.4354248046875,4544300.0,0.1513899456521738
175.10000610351562,175.22000122070312,173.80999755859375,175.0399932861328,170.5426025390625,4096900.0,0.14540253164556968
,,,,,,0.2066288888888889
174.35000610351562,175.02999877929688,171.6699981689453,172.32000732421875,167.8925018310547,6859900.0,0.20257708333333305
171.6199951171875,172.97999572753906,171.0800018310547,171.89999389648438,167.48329162597656,4661700.0,0.2118677018633541
171.19000244140625,171.47999572753906,167.6999969482422,168.07000732421875,163.751708984375,7114600.0,0.19116308724832204
168.5500030517578,169.08999633789062,166.8699951171875,166.97000122070312,162.6799774169922,6699300.0,0.18255520504731876
167.9199981689453,168.1199951171875,165.1300048828125,165.8000030517578,161.54002380371094,6273500.0,0.10791038961038939
166.39999389648438,166.5399932861328,164.50999450683594,164.8000030517578,160.5657196044922,5259600.0,0.22804664536741207
165.0,165.9600067138672,164.30999755859375,165.4199981689453,161.16978454589844,7935300.0,0.17298324324324288
165.64999389648438,166.4600067138672,164.19000244140625,165.22000122070312,160.9749298095703,5665400.0,0.1945458563535909
164.3000030517578,164.91000366210938,163.55999755859375,164.75,160.5170135498047,13419800.0,0.16922846975088984
163.47999572753906,165.1699981689453,162.1699981689453,163.80999755859375,159.6011505126953,7270800.0,0.19042562499999985
164.61000061035156,165.97999572753906,164.24000549316406,164.52999877929688,160.30264282226562,6663600.0,0.19387873563218377
165.35000610351562,165.9499969482422,163.6300048828125,163.92999267578125,159.7180633544922,5657100.0,0.1384184952978056
164.39999389648438,165.77000427246094,164.14999389648438,164.86000061035156,160.62417602539062,4697900.0,0.15085606557377046
164.75,165.64999389648438,163.88999938964844,164.36000061035156,160.13702392578125,4399300.0,0.16660069204152242
164.0,164.36000061035156,162.85000610351562,163.1699981689453,158.9775848388672,5775500.0,0.12828948948948948
163.10000610351562,163.91000366210938,161.77000427246094,162.80999755859375,158.62684631347656,7610400.0,0.19583527696792996
163.0,164.66000366210938,162.77999877929688,164.02000427246094,159.80577087402344,5124100.0,0.1958321543408359
164.63999938964844,165.39999389648438,161.41000366210938,161.5,157.3505096435547,6972300.0,0.20530660377358467
161.52999877929688,161.89999389648438,158.6199951171875,160.47000122070312,156.3469696044922,8568300.0,0.05552684210526316
159.99000549316406,161.0,157.6699981689453,159.22000122070312,155.12908935546875,8620700.0,0.15964861538461542
159.86000061035156,161.11000061035156,159.14999389648438,159.5800018310547,155.47982788085938,5129000.0,0.140918245614035
159.8699951171875,159.9499969482422,157.83999633789062,159.91000366210938,155.80136108398438,7312600.0,0.13585113122171946
160.02000427246094,162.61000061035156,160.02000427246094,161.33999633789062,157.19461059570312,5309200.0,0.20251098265895998
161.32000732421875,161.61000061035156,160.25,160.92999267578125,156.79515075683594,4343200.0,0.2510404494382024
160.86000061035156,161.85000610351562,159.94000244140625,160.25,156.13262939453125,4101600.0,0.15505950704225338
160.0,160.17999267578125,157.33999633789062,157.69000244140625,153.63839721679688,6686400.0,0.2044807189542484
157.82000732421875,160.0800018310547,157.75,159.1999969482422,155.10960388183594,6901100.0,0.1747469740634006
159.7100067138672,161.13999938964844,159.60000610351562,160.11000061035156,155.9962158203125,4579200.0,0.20098604651162774
161.02999877929688,161.80999755859375,160.41000366210938,161.3000030517578,157.15565490722656,6918400.0,0.16372144578313233
160.25,160.88999938964844,159.1999969482422,160.1199951171875,156.00596618652344,7465500.0,0.10081666666666664
160.89999389648438,165.14999389648438,160.72999572753906,163.8699951171875,159.6596221923828,10081300.0,0.2354568627450982
163.97999572753906,164.75,163.25999450683594,163.77999877929688,159.57191467285156,6003200.0,0.1841599358974357
164.3000030517578,164.38999938964844,162.27999877929688,163.39999389648438,159.20167541503906,4524100.0,0.21274276094276087
163.05999755859375,164.05999755859375,162.9600067138672,163.72000122070312,159.5134735107422,4304300.0,0.1661164179104478
163.72000122070312,164.30999755859375,161.7100067138672,164.0800018310547,159.8642120361328,6715400.0,0.23275070422535207
164.55999755859375,166.02999877929688,164.0500030517578,165.75,161.49130249023438,6939100.0,0.20677794676806083
165.67999267578125,165.75999450683594,163.30999755859375,163.74000549316406,159.53294372558594,7018800.0,0.24517712418300652
163.77000427246094,165.1999969482422,162.32000732421875,162.85000610351562,158.6658172607422,6278800.0,0.2802970000000001
162.35000610351562,163.25,160.61000061035156,162.8800048828125,158.69505310058594,8526800.0,0.2194468571428568
163.16000366210938,163.97999572753906,159.39999389648438,163.02000427246094,158.83143615722656,5846400.0,-0.06827219251336902
163.6999969482422,166.97999572753906,162.97999572753906,165.58999633789062,161.33541870117188,8450600.0,0.11121410256410261
165.0399932861328,165.77000427246094,163.42999267578125,165.05999755859375,160.81903076171875,6717800.0,0.19221127272727256
164.94000244140625,164.99000549316406,162.6699981689453,164.60000610351562,160.37088012695312,8224400.0,0.2064923371647508
162.47999572753906,164.60000610351562,162.1999969482422,163.42999267578125,159.2309112548828,6215900.0,0.18532214765100669
163.67999267578125,164.1699981689453,162.00999450683594,162.8699951171875,158.685302734375,5578800.0,0.22232615803814745
162.61000061035156,163.58999633789062,162.02000427246094,162.50999450683594,158.33456420898438,6112800.0,0.20627980456026063
162.52999877929688,164.83999633789062,162.35000610351562,164.27000427246094,160.04933166503906,6225100.0,0.21657510204081634
163.49000549316406,163.80999755859375,162.49000549316406,163.05999755859375,158.87042236328125,4118800.0,0.160719534883721
167.42999267578125,167.6199951171875,164.61000061035156,165.00999450683594,160.77032470703125,18995200.0,0.1446826923076922
165.0,165.4600067138672,163.22000122070312,163.52000427246094,159.318603515625,7496200.0,0.17793957446808528
163.17999267578125,164.35000610351562,162.6199951171875,162.6699981689453,158.49044799804688,7594700.0,0.2095583081570996
162.8699951171875,163.86000061035156,161.7899932861328,163.27999877929688,159.08477783203125,5414500.0,0.20462631578947352
163.4499969482422,164.47000122070312,162.1300048828125,162.39999389648438,158.22738647460938,6358700.0,0.22615598802395198
163.0399932861328,163.19000244140625,161.77999877929688,162.88999938964844,158.70480346679688,7620700.0,0.2101042424242423
161.02999877929688,162.63999938964844,159.64999389648438,159.6999969482422,156.61590576171875,7634500.0,0.2404879679144382
159.52000427246094,161.0,158.77999877929688,160.69000244140625,157.5867919921875,7734000.0,0.1655855113636364
160.13999938964844,160.6199951171875,159.3800048828125,160.24000549316406,157.14549255371094,5230900.0,0.17856315789473684
,,,,,,0.16028848484848476
160.60000610351562,161.16000366210938,158.66000366210938,159.1999969482422,156.12557983398438,8523100.0,0.086255637254902
159.5,160.4199981689453,158.4199981689453,159.75,156.66497802734375,9188500.0,0.11891594202898555
158.50999450683594,159.0,155.85000610351562,155.92999267578125,152.91871643066406,14981700.0,0.256889583333333
156.8800048828125,160.0800018310547,156.25,158.0800018310547,155.02720642089844,9835800.0,0.21708298969072157
157.25999450683594,159.2899932861328,156.75,157.08999633789062,154.0563201904297,11334700.0,0.1311780612244898
157.91000366210938,159.6699981689453,157.58999633789062,159.3800048828125,156.30209350585938,8750500.0,0.20545276752767525
160.19000244140625,163.52000427246094,159.8300018310547,162.94000244140625,159.79335021972656,9692000.0,0.18488219584569746
164.0,164.27000427246094,162.41000366210938,163.36000061035156,160.20526123046875,8311300.0,0.12708808777429476
163.47000122070312,164.57000732421875,162.63999938964844,164.33999633789062,161.16632080078125,6216400.0,0.3705882926829272
164.17999267578125,165.97999572753906,163.49000549316406,165.89999389648438,162.69619750976562,8574200.0,0.13726496815286632
165.57000732421875,166.69000244140625,164.64999389648438,165.49000549316406,162.2941131591797,6572200.0,0.10998450292397663
164.75,169.1999969482422,163.8000030517578,168.4499969482422,165.1969451904297,11142300.0,0.20291965317919075
168.3300018310547,170.97000122070312,167.16000366210938,170.2899932861328,167.00140380859375,10482400.0,0.12531682847896433
169.85000610351562,171.3000030517578,169.4199981689453,171.13999938964844,167.8350067138672,8552200.0,0.1824921397379909
171.25999450683594,173.50999450683594,170.83999633789062,173.00999450683594,169.66888427734375,8998600.0,0.153554423592493
169.63999938964844,170.77999877929688,167.66000366210938,168.22999572753906,164.98118591308594,16726200.0,0.1790255952380951
167.80999755859375,168.50999450683594,166.5500030517578,167.75,164.51046752929688,7954500.0,0.10117865853658538
168.05999755859375,168.10000610351562,165.97999572753906,167.2100067138672,163.9809112548828,7954200.0,0.062041860465116276
167.05999755859375,168.1699981689453,166.1199951171875,167.92999267578125,164.68698120117188,4178200.0,0.22370720338983044
167.8800048828125,168.9499969482422,167.36000061035156,168.25,165.0008087158203,3501500.0,0.14959704918032787
,,,,,,0.2952234848484849
169.13999938964844,169.85000610351562,168.6999969482422,169.6699981689453,166.39340209960938,3704800.0,0.09980582191780826
169.7899932861328,170.63999938964844,169.58999633789062,170.35000610351562,167.0602569580078,3187000.0,0.11658512110726642
170.0,171.99000549316406,169.91000366210938,171.5500030517578,168.23707580566406,3662000.0,0.20355548780487784
172.1199951171875,172.8800048828125,171.75,172.30999755859375,168.98239135742188,4231800.0,0.15410812324929962
172.52999877929688,172.67999267578125,171.02999877929688,171.07000732421875,167.766357421875,4409500.0,0.17505415472779348
170.2100067138672,171.60000610351562,169.10000610351562,171.5399932861328,168.22726440429688,6012200.0,0.12294447761194023
171.05999755859375,172.2899932861328,170.60000610351562,171.0800018310547,167.77615356445312,6748400.0,0.1882956349206349
172.0,173.47000122070312,171.6199951171875,172.22000122070312,168.89414978027344,7016100.0,0.1325594936708861
172.14999389648438,172.5,170.8000030517578,171.6300048828125,168.31553649902344,7301600.0,0.12329633699633702
171.4600067138672,174.3000030517578,171.1300048828125,173.9499969482422,170.5907440185547,6986000.0,0.09855818181818175
173.69000244140625,173.69000244140625,172.16000366210938,173.08999633789062,169.74734497070312,7698400.0,0.08576680327868855
172.99000549316406,173.38999938964844,170.11000061035156,171.25,167.94288635253906,8341100.0,0.13699650349650358
169.61000061035156,170.0800018310547,168.33999633789062,169.7899932861328,166.5110626220703,8116200.0,0.17301851851851865
169.0,170.4199981689453,168.4600067138672,168.75999450683594,165.50096130371094,6159400.0,0.247654925373134
168.6300048828125,168.64999389648438,167.14999389648438,167.83999633789062,164.5987091064453,5847700.0,0.18338653846153852
,,,,,,0.15297499999999997
167.10000610351562,167.72000122070312,166.00999450683594,167.10000610351562,163.87303161621094,7815600.0,0.24154251700680274
167.1999969482422,168.72000122070312,166.32000732421875,166.5800018310547,163.36306762695312,5926500.0,0.24951144578313275
167.2899932861328,167.86000061035156,164.92999267578125,165.25,162.05874633789062,6011300.0,0.22888477611940294
166.19000244140625,167.99000549316406,164.47000122070312,164.8699951171875,161.6860809326172,10550300.0,0.36043835125448054
164.0,164.1699981689453,158.25999450683594,162.97000122070312,159.82278442382812,14054600.0,0.23545427728613566
162.36000061035156,168.41000366210938,161.5800018310547,167.6300048828125,164.39279174804688,14081200.0,0.1437387692307692
167.5399932861328,169.22000122070312,166.22999572753906,168.3800048828125,165.1282958984375,9963200.0,0.2426067901234567
169.38999938964844,171.91000366210938,169.0,170.58999633789062,167.29562377929688,9066700.0,0.22201189427312765
170.86000061035156,171.83999633789062,169.3000030517578,171.7899932861328,168.47242736816406,9783100.0,0.10811034482758616
171.5,172.6199951171875,170.82000732421875,172.2899932861328,168.96279907226562,8054800.0,0.2455455223880596
171.74000549316406,171.97999572753906,169.42999267578125,170.8800048828125,167.58001708984375,8154700.0,0.28960660919540243
169.64999389648438,172.99000549316406,169.64999389648438,172.77000427246094,169.4335174560547,7382800.0,0.29422622950819666
172.25999450683594,173.6199951171875,171.0399932861328,172.75999450683594,169.42372131347656,6240400.0,0.18033761194029843
171.0,172.97999572753906,170.1199951171875,171.6300048828125,168.31553649902344,6392200.0,0.0941394444444444
171.41000366210938,171.74000549316406,170.00999450683594,171.05999755859375,167.7565460205078,6065700.0,0.18591746724890817
171.02000427246094,172.0500030517578,170.47999572753906,171.50999450683594,168.19786071777344,6296100.0,0.12912742382271467
172.07000732421875,172.24000549316406,171.25,171.49000549316406,168.17825317382812,5387500.0,0.18010787671232853
171.2100067138672,171.22000122070312,169.3000030517578,169.4199981689453,166.14820861816406,10355300.0,0.12799273504273512
169.1199951171875,170.14999389648438,167.5399932861328,167.7100067138672,164.4712371826172,13125300.0,0.18419296636085614
167.7100067138672,167.97000122070312,163.80999755859375,165.60000610351562,162.40200805664062,8967600.0,0.18054244186046525
166.1300048828125,168.10000610351562,166.00999450683594,167.30999755859375,164.07896423339844,6631400.0,0.07432706766917292
166.49000549316406,167.83999633789062,165.7100067138672,167.2100067138672,163.9809112548828,8482400.0,0.11845888324873102
167.2100067138672,167.4499969482422,164.9199981689453,166.19000244140625,162.98060607910156,6227600.0,0.15815703703703704
164.97999572753906,165.36000061035156,162.94000244140625,163.36000061035156,161.233642578125,6423200.0,0.17706105263157904
,,,,,,0.21146581632653066
163.57000732421875,163.74000549316406,160.44000244140625,161.13999938964844,159.0425262451172,6868900.0,0.20901769230769232
161.50999450683594,162.63999938964844,160.85000610351562,161.22000122070312,159.12149047851562,8016900.0,0.20184491978609617
159.77999877929688,160.1300048828125,155.72000122070312,158.13999938964844,156.08157348632812,12883400.0,0.2522065868263472
160.0,166.99000549316406,159.6999969482422,166.0,163.83926391601562,11340400.0,0.4030999999999995
162.8699951171875,165.17999267578125,162.3800048828125,164.57000732421875,162.42788696289062,9373500.0,0.29411515151515133
163.0399932861328,164.75,162.41000366210938,164.0,161.8653106689453,8737800.0,0.10262541666666677
164.41000366210938,167.6300048828125,164.0399932861328,166.0399932861328,163.8787384033203,6793300.0,0.23126557377049184
166.6999969482422,169.33999633789062,166.32000732421875,168.47999572753906,166.2869873046875,7333700.0,0.1899507177033492
167.63999938964844,169.86000061035156,166.85000610351562,169.47999572753906,167.2739715576172,6302500.0,0.23036250000000003
168.3000030517578,173.1199951171875,167.36000061035156,172.2100067138672,169.96844482421875,11663400.0,0.09556911196911208
172.0399932861328,173.1199951171875,168.50999450683594,168.72000122070312,166.52386474609375,11100300.0,0.24566480000000024
170.00999450683594,170.22999572753906,167.88999938964844,169.36000061035156,167.15553283691406,7248200.0,0.09642410423452767
168.55999755859375,170.14999389648438,168.0800018310547,169.66000366210938,167.45162963867188,6171400.0,0.17279324758842443
169.1300048828125,171.4600067138672,169.02000427246094,169.35000610351562,167.1456756591797,5188000.0,0.27686747572815573
170.67999267578125,174.1199951171875,170.35000610351562,171.69000244140625,169.4552001953125,7729500.0,0.3537921568627441
173.3300018310547,176.52000427246094,172.5500030517578,176.13999938964844,173.8472900390625,10554400.0,0.12411081081081077
175.4600067138672,176.9499969482422,172.55999755859375,174.52000427246094,172.2483673095703,9603300.0,0.3319477744807113
175.2100067138672,176.83999633789062,174.1999969482422,176.8000030517578,174.49868774414062,7472100.0,0.3097575342465745
177.0,177.0,173.66000366210938,174.83999633789062,172.56419372558594,13809500.0,0.12673399339933994
174.66000366210938,177.16000366210938,174.32000732421875,175.8300018310547,173.5413055419922,7574900.0,0.18195779467680606
175.8300018310547,176.3699951171875,173.91000366210938,175.0,172.72210693359375,8442100.0,0.1774775999999998
175.22999572753906,175.5399932861328,174.08999633789062,174.33999633789062,172.07070922851562,5254200.0,0.10326220735785957
175.0,175.5399932861328,174.07000732421875,175.24000549316406,172.95899963378906,5012300.0,0.07592239263803675
175.69000244140625,177.6999969482422,175.22000122070312,176.9199981689453,174.6171112060547,4809500.0,0.1826713793103447
176.64999389648438,178.17999267578125,176.35000610351562,177.8300018310547,175.51527404785156,5604200.0,0.11051967741935477
178.6199951171875,179.39999389648438,176.8000030517578,177.74000549316406,175.4264678955078,5933400.0,0.3668164383561644
178.44000244140625,179.86000061035156,177.67999267578125,179.58999633789062,177.25238037109375,6277600.0,0.13994928571428575
179.58999633789062,180.2100067138672,176.97999572753906,177.22999572753906,174.923095703125,11490400.0,0.16148547486033504
177.0500030517578,178.42999267578125,175.60000610351562,178.19000244140625,175.87060546875,6525600.0,0.13533561151079138
178.19000244140625,178.19000244140625,175.52000427246094,176.47000122070312,174.1729736328125,6860600.0,0.17521488549618322
176.47000122070312,179.64999389648438,176.2899932861328,177.61000061035156,175.29815673828125,7446100.0,0.21954953846153807
179.38999938964844,182.6000061035156,178.6199951171875,182.22999572753903,179.85800170898438,10330900.0,0.19284885245901645
181.6699981689453,182.9499969482422,180.22999572753903,181.75999450683597,179.3941192626953,7385200.0,0.11098055555555553
181.3300018310547,183.19000244140625,180.42999267578125,182.1199951171875,179.7494354248047,7144500.0,0.2145996466431095
183.0,184.1999969482422,179.60000610351562,179.83999633789062,177.49911499023438,5932000.0,0.2600651340996166
179.1999969482422,180.80999755859372,178.1999969482422,179.89999389648438,177.55833435058594,5957500.0,0.2538844720496894
179.89999389648438,180.83999633789062,179.24000549316406,180.66000366210938,178.30845642089844,5643100.0,0.21336294820717117
180.0,181.3999938964844,179.72999572753906,179.89999389648438,177.55833435058594,6188200.0,0.2438813333333334
,,,,,,0.0784141791044776
179.72999572753906,180.38999938964844,176.74000549316406,177.66000366210938,175.34750366210938,6318700.0,0.1710595015576325
180.72000122070312,185.94000244140625,179.9499969482422,183.0800018310547,180.6969451904297,14380800.0,0.12006521739130441
182.2400054931641,184.32000732421875,181.8999938964844,183.88999938964844,181.49639892578125,8044900.0,0.23048085106382962
183.92999267578125,184.8699951171875,182.55999755859372,183.3600006103516,180.9733123779297,6969200.0,0.168405109489051
182.47000122070312,183.1499938964844,181.3800048828125,181.5399932861328,179.17698669433594,8003600.0,0.18384278606965165
182.33999633789062,186.69000244140625,182.1000061035156,186.00999450683597,183.58880615234372,11176500.0,0.17920411392405053
185.1000061035156,186.57000732421875,184.17999267578125,184.67999267578125,182.27610778808597,10190000.0,0.08800132890365446
184.2400054931641,184.82000732421875,181.7400054931641,182.1000061035156,179.72970581054688,11090100.0,0.09280128205128212
182.25,184.5,181.9199981689453,183.4600067138672,181.07200622558597,9403900.0,0.22338144654088013
182.5,182.5500030517578,180.1999969482422,180.4600067138672,178.11105346679688,8463100.0,0.08609906832298135
180.47000122070312,181.41000366210938,177.02999877929688,178.63999938964844,176.3147430419922,7145400.0,0.04599376947040511
178.8000030517578,180.6300048828125,177.67999267578125,178.2899932861328,175.9692840576172,5898700.0,0.09478995433789948
178.14999389648438,180.5,177.14999389648438,180.1999969482422,177.85443115234375,5923000.0,0.17424599999999993
179.4199981689453,179.7100067138672,175.27000427246094,176.75999450683594,174.45919799804688,7089200.0,-0.14653365853658626
175.13999938964844,176.8699951171875,174.69000244140625,176.3699951171875,174.07427978515625,6434000.0,0.11398724637681147
175.4499969482422,178.55999755859375,174.58999633789062,177.3300018310547,175.02178955078125,7855200.0,0.048018823529411794
178.22999572753906,179.17999267578125,176.5,177.08999633789062,174.784912109375,8186700.0,0.13293097345132746
175.9600067138672,178.32000732421875,175.8800048828125,176.1300048828125,173.83741760253906,6138900.0,0.11771447963800903
176.47000122070312,177.9499969482422,174.7100067138672,177.8699951171875,175.5547637939453,6898600.0,0.15696137931034485
178.6999969482422,178.88999938964844,175.8000030517578,176.85000610351562,174.5480499267578,7732200.0,0.14982887029288702
176.85000610351562,179.1300048828125,176.1699981689453,178.0800018310547,175.76202392578125,5516700.0,0.11736421052631589
178.72000122070312,179.6999969482422,176.58999633789062,178.82000732421875,176.49240112304688,5751100.0,0.15468026905829596
178.83999633789062,179.3699951171875,175.1699981689453,175.5,173.2156219482422,8608800.0,0.19560348837209293
174.72000122070312,174.8000030517578,172.69000244140625,173.94000244140625,171.67591857910156,6874500.0,0.18430722891566267
174.85000610351562,177.16000366210938,174.0500030517578,176.97999572753906,174.6763458251953,7522100.0,0.19906196581196575
177.60000610351562,179.92999267578125,177.4600067138672,179.44000244140625,178.2423858642578,7040800.0,0.16820290456431533
179.25,181.7400054931641,179.10000610351562,181.3999938964844,180.18930053710938,6419800.0,0.20470393939393935
180.52999877929688,181.5500030517578,179.05999755859375,179.6199951171875,178.42117309570312,6558900.0,0.1705566552901023
181.0,181.0,178.60000610351562,179.4600067138672,178.2622528076172,6897600.0,0.22595642633228813
179.75999450683594,181.16000366210938,178.22999572753906,181.08999633789062,179.88137817382812,5853600.0,0.2276266666666669
,,,,,,0.06352526881720431
178.0,180.1699981689453,175.00999450683594,179.52999877929688,178.331787109375,16391400.0,0.14254644808743172
179.14999389648438,179.8300018310547,175.89999389648438,177.7100067138672,176.52394104003906,5175400.0,0.1256372549019608
177.74000549316406,177.80999755859375,174.58999633789062,177.14999389648438,175.96766662597656,8666500.0,0.1474099290780142
177.07000732421875,178.6699981689453,176.14999389648438,176.4199981689453,175.24253845214844,4234200.0,0.1398517647058824
177.2100067138672,178.5,176.0,176.39999389648438,175.22267150878906,5386500.0,0.10361281138790032
176.97999572753906,179.3000030517578,176.39999389648438,178.33999633789062,177.14971923828125,5447800.0,0.0914782208588958
178.10000610351562,179.4499969482422,176.8000030517578,177.27999877929688,176.0968017578125,4333100.0,0.13338709677419347
177.2100067138672,178.64999389648438,173.63999938964844,173.7100067138672,172.55064392089844,5509600.0,0.18848144329896882
172.1699981689453,173.97000122070312,170.6199951171875,172.5500030517578,171.39837646484375,6647300.0,0.09227160493827163
170.0800018310547,172.25,170.0800018310547,170.80999755859375,169.66998291015625,7997000.0,0.2107312499999997
171.05999755859375,171.11000061035156,167.25999450683594,168.19000244140625,167.06747436523438,7116800.0,0.11394371859296483
169.63999938964844,171.44000244140625,168.63999938964844,169.99000549316406,168.85546875,7796100.0,0.05824732824427478
168.39999389648438,170.2100067138672,167.41000366210938,170.0800018310547,168.94485473632812,7056700.0,0.25582972972972995
170.6300048828125,172.1999969482422,169.24000549316406,169.4600067138672,168.32899475097656,12486600.0,0.14205335968379446
,,,,,,0.1287122641509434
170.75,173.86000061035156,169.55999755859375,173.00999450683594,171.8553009033203,8219700.0,0.08374965517241378
172.0,177.9199981689453,171.69000244140625,175.74000549316406,174.5670928955078,10593100.0,0.17074944444444454
177.0,179.82000732421875,176.52000427246094,179.66000366210938,178.46092224121094,10223500.0,0.1506340101522843
180.77999877929688,182.52999877929688,179.97999572753906,182.2899932861328,181.0733642578125,9374400.0,0.10436311111111105
181.63999938964844,183.3500061035156,181.5,182.1199951171875,180.9044952392578,5908600.0,0.17659196428571425
182.1699981689453,182.97000122070312,176.30999755859375,176.94000244140625,175.7590789794922,9245700.0,0.12723716475095798
177.22000122070312,178.3000030517578,176.42999267578125,176.99000549316406,175.80874633789062,7097900.0,0.1294259701492537
176.86000061035156,178.2899932861328,175.02999877929688,177.50999450683594,176.32525634765625,10777200.0,0.11793898809523813
177.4499969482422,179.72000122070312,176.69000244140625,179.52000427246094,178.3218536376953,5498400.0,0.09274507936507945
,,,,,,0.08568640226628903
178.8300018310547,179.1300048828125,174.61000061035156,178.13999938964844,176.95106506347656,5676400.0,0.13767094972067054
178.07000732421875,179.44000244140625,177.41000366210938,178.3000030517578,177.11000061035156,5335600.0,0.11610536193029501
177.86000061035156,179.1199951171875,177.50999450683594,178.5,177.30865478515625,5725800.0,0.16569545454545442
178.3300018310547,179.99000549316406,177.77000427246094,178.27999877929688,177.0901336669922,3828300.0,0.2290983333333332
177.6999969482422,179.02000427246094,177.52000427246094,178.35000610351562,177.15966796875,3645200.0,0.22442881844380388
177.97999572753906,178.4499969482422,175.1999969482422,175.85000610351562,174.6763458251953,4708800.0,0.18401959064327486
175.66000366210938,176.3300018310547,174.5,175.44000244140625,174.2690887451172,5291700.0,0.16656832844574782
172.52999877929688,176.00999450683594,172.3000030517578,175.67999267578125,174.50747680664062,5359600.0,0.22300031152647962
177.7100067138672,178.50999450683594,176.5500030517578,178.22999572753906,177.0404510498047,5691100.0,0.09270590717299575
177.74000549316406,178.19000244140625,173.91000366210938,174.22999572753906,173.06715393066406,7605700.0,0.07859198895027628
176.3300018310547,176.75,169.8800048828125,171.69000244140625,170.5441131591797,13256400.0,0.08744617940199334
172.1999969482422,172.5500030517578,169.75999450683594,170.7100067138672,169.57066345214844,7455800.0,0.1551087542087542
170.0500030517578,171.38999938964844,169.77000427246094,171.30999755859375,170.16664123535156,5729200.0,0.1712076023391812
171.60000610351562,172.49000549316406,171.05999755859375,172.1199951171875,170.9712371826172,4257000.0,0.14823123028391155
172.1199951171875,172.97999572753906,171.72000122070312,172.4600067138672,171.30897521972656,4437300.0,0.1496361607142857
172.55999755859375,174.97999572753906,172.49000549316406,173.67999267578125,172.5208282470703,4525500.0,0.17917786561264804
172.6300048828125,174.10000610351562,171.1300048828125,173.1999969482422,172.04403686523438,4648500.0,0.21586793893129744
173.39999389648438,176.08999633789062,171.44000244140625,174.1999969482422,173.037353515625,5513000.0,0.12232182741116758
173.7899932861328,174.85000610351562,172.91000366210938,174.52000427246094,173.355224609375,6451400.0,0.37181257861635236
174.1699981689453,175.16000366210938,173.5399932861328,173.91000366210938,172.74929809570312,5461400.0,0.2169906666666664
175.00999450683594,175.49000549316406,172.6999969482422,172.9199981689453,171.76589965820312,5794200.0,0.25398299319727885
172.5500030517578,175.25999450683594,171.77000427246094,174.58999633789062,173.4247589111328,5010000.0,0.15373858267716542
174.80999755859375,175.08999633789062,171.60000610351562,171.7899932861328,170.6434326171875,5651600.0,0.15505923566878976
171.3000030517578,171.52999877929688,169.7899932861328,171.11000061035156,169.96798706054688,5235500.0,0.1076077170418006
171.3000030517578,171.47999572753906,169.44000244140625,170.1999969482422,169.06405639648438,4629800.0,0.18761822660098518
170.5399932861328,171.1199951171875,169.72999572753906,170.17999267578125,169.044189453125,5532500.0,0.13050852713178296
171.02000427246094,171.24000549316406,169.52999877929688,170.6699981689453,169.53091430664062,5603400.0,0.1709916967509026
168.52000427246094,169.9499969482422,166.97999572753906,167.13999938964844,166.02447509765625,9328700.0,0.12705862068965512
167.5399932861328,167.94000244140625,165.14999389648438,165.3000030517578,164.19676208496094,14606900.0,0.1310711111111112
166.0,166.75,165.1300048828125,166.08999633789062,164.98147583007812,10072000.0,0.06507596153846157
165.86000061035156,168.25,165.60000610351562,167.57000732421875,166.4516143798828,7453600.0,0.21891344086021497
166.41000366210938,168.55999755859375,166.41000366210938,167.5800018310547,166.4615478515625,7406600.0,0.15921045454545454
167.67999267578125,168.3000030517578,165.92999267578125,166.77000427246094,165.65695190429688,8312100.0,0.11844623115577896
167.10000610351562,170.1199951171875,167.0,169.30999755859375,168.17999267578125,8128500.0,0.04055013850415514
168.89999389648438,168.9199981689453,167.1699981689453,167.58999633789062,167.58999633789062,5462600.0,0.11971909547738699
167.0,167.77000427246094,165.8000030517578,166.1300048828125,166.1300048828125,5566300.0,0.08512791666666665
166.55999755859375,166.58999633789062,165.07000732421875,165.5800018310547,165.5800018310547,5684300.0,0.13148729281767954
165.9499969482422,167.24000549316406,164.6999969482422,167.1300048828125,167.1300048828125,5678700.0,0.22219211822660087
167.4600067138672,167.5,164.1999969482422,164.27000427246094,164.27000427246094,5667100.0,0.044594444444444443
163.47000122070312,163.83999633789062,162.02000427246094,163.0,163.0,5259200.0,0.1861962121212122
163.3000030517578,163.5399932861328,162.02999877929688,162.42999267578125,162.42999267578125,6973300.0,0.20263571428571425
163.22999572753906,163.5500030517578,161.27000427246094,161.33999633789062,161.33999633789062,8741700.0,0.1579714285714286
161.49000549316406,165.5,161.47999572753906,165.33999633789062,165.33999633789062,7509600.0,0.08355540540540542
165.86000061035156,166.1999969482422,162.00999450683594,162.74000549316406,162.74000549316406,5803200.0,0.1598926553672317
,,,,,,0.03702488687782805
163.94000244140625,166.22000122070312,162.82000732421875,163.17999267578125,163.17999267578125,7394600.0,0.13602289156626496
162.91000366210938,164.4199981689453,162.16000366210938,164.07000732421875,164.07000732421875,4590600.0,0.13586875
163.8800048828125,165.4199981689453,163.0800018310547,165.38999938964844,165.38999938964844,5838400.0,0.24956807511737103
164.99000549316406,166.1999969482422,164.38999938964844,165.7100067138672,165.7100067138672,5500600.0,0.27754904458598706
166.11000061035156,166.57000732421875,165.22000122070312,165.63999938964844,165.63999938964844,6365300.0,0.0899023622047244
163.57000732421875,164.44000244140625,160.80999755859375,161.3300018310547,161.3300018310547,6726400.0,0.10192427745664734
162.3800048828125,165.36000061035156,162.3800048828125,164.66000366210938,164.66000366210938,9555700.0,0.22507920792079186
164.4499969482422,166.07000732421875,164.10000610351562,165.0800018310547,165.0800018310547,7174500.0,0.026492444444444447
165.32000732421875,167.6300048828125,164.75,167.60000610351562,167.60000610351562,20198900.0,0.16752166666666665
166.3000030517578,166.42999267578125,164.0800018310547,166.27999877929688,166.27999877929688,7380900.0,0.1965614754098361
165.22000122070312,165.89999389648438,164.32000732421875,164.97000122070312,164.97000122070312,7143400.0,0.20744492753623178
165.02000427246094,166.8000030517578,163.24000549316406,163.27999877929688,163.27999877929688,8071200.0,0.20679442508710805
163.14999389648438,167.16000366210938,162.8300018310547,166.17999267578125,166.17999267578125,7401100.0,0.15708107344632755
165.74000549316406,167.47999572753906,164.66000366210938,166.72000122070312,166.72000122070312,9595600.0,0.17000372881355938
165.8000030517578,166.83999633789062,164.3800048828125,165.6999969482422,165.6999969482422,8735500.0,0.10411868131868132
166.36000061035156,167.6699981689453,164.39999389648438,164.94000244140625,164.94000244140625,8686700.0,0.11547446808510643
166.25,167.3800048828125,165.10000610351562,166.36000061035156,166.36000061035156,8660900.0,0.2595180064308681
166.47999572753906,167.1699981689453,163.88999938964844,164.52999877929688,164.52999877929688,7008100.0,0.21575103092783512
165.0,165.74000549316406,163.32000732421875,163.36000061035156,163.36000061035156,8980500.0,0.2273359605911329
164.2899932861328,164.3800048828125,161.6999969482422,163.1999969482422,163.1999969482422,8657000.0,0.21707746031746028
163.85000610351562,166.0,162.9199981689453,165.6199951171875,165.6199951171875,6236100.0,0.2077884615384612
165.02000427246094,166.0399932861328,164.2100067138672,165.11000061035156,165.11000061035156,4539400.0,0.09864680134680134
164.7899932861328,165.0,161.69000244140625,161.91000366210938,161.91000366210938,5890700.0,0.17769933993399323
161.77000427246094,162.22000122070312,159.1699981689453,160.1999969482422,160.1999969482422,6363000.0,0.09916145833333335
160.6300048828125,161.27999877929688,159.17999267578125,160.41000366210938,160.41000366210938,5315600.0,0.053177822580645163
160.3699951171875,164.11000061035156,160.3699951171875,162.72999572753906,162.72999572753906,6212200.0,0.1708417582417583
162.94000244140625,164.8800048828125,162.5,162.69000244140625,162.69000244140625,4341700.0,0.24461467889908234
160.88999938964844,165.99000549316406,160.75,165.14999389648438,165.14999389648438,6465100.0,0.1916905660377358
164.44000244140625,165.67999267578125,163.60000610351562,164.4600067138672,164.4600067138672,5684600.0,0.11069924242424244
165.39999389648438,167.2100067138672,165.00999450683594,166.58999633789062,166.58999633789062,6710800.0,0.14839269230769228
165.0,167.1699981689453,163.0500030517578,166.00999450683594,166.00999450683594,10883600.0,0.1699608695652174
166.0,166.25,163.88999938964844,164.69000244140625,164.69000244140625,10044600.0,0.0939006802721089
165.0,165.74000549316406,164.3300018310547,165.11000061035156,165.11000061035156,5659900.0,0.12795130111524156
164.7100067138672,169.3699951171875,164.42999267578125,168.7100067138672,168.7100067138672,8486900.0,0.18223798701298685
169.80999755859375,172.0800018310547,169.25,170.97999572753906,170.97999572753906,6855500.0,0.13459207920792088
170.1699981689453,171.11000061035156,168.52000427246094,170.7100067138672,170.7100067138672,5661900.0,0.19172666666666666
171.32000732421875,172.57000732421875,170.52000427246094,172.2100067138672,172.2100067138672,6123800.0,0.2818088888888887
,,,,,,0.13967970297029694
