Open,High,Low,Close,Adj Close,Volume,compound
21.836000442504886,22.7226676940918,21.50666618347168,21.84733390808105,21.84733390808105,283054500.0,0.036028361344537865
21.332666397094727,21.6200008392334,20.983333587646484,21.08133316040039,21.08133316040039,190264500.0,0.10810288065843623
20.86666679382324,21.252666473388672,20.6646671295166,21.000667572021484,21.000667572021484,144627000.0,0.1666599164926927
20.873332977294922,21.26666641235352,20.86666679382324,20.994667053222656,20.994667053222656,76005000.0,0.046357596371882075
21.08799934387207,21.09866714477539,20.65333366394043,20.887332916259766,20.887332916259766,95758500.0,0.05972468879668052
20.98666763305664,21.46266746520996,20.617332458496094,21.1646671295166,21.1646671295166,131805000.0,0.11341928721173974
21.308000564575195,21.567333221435547,21.07466697692871,21.148000717163086,21.148000717163086,104151000.0,0.08975499999999983
21.200000762939453,21.781333923339844,20.96666717529297,21.77199935913086,21.77199935913086,119113500.0,0.2335563291139242
21.94266700744629,22.76666641235352,21.868000030517575,22.369333267211914,22.369333267211914,217009500.0,0.1566600414078674
22.299999237060547,22.497333526611328,22.166667938232425,22.47599983215332,22.47599983215332,91038000.0,0.2099452631578945
22.93000030517578,23.279333114624023,22.79999923706055,23.006000518798828,23.006000518798828,149800500.0,0.1480791666666665
23.126667022705078,23.357999801635746,22.93600082397461,23.32866668701172,23.32866668701172,110391000.0,0.14272266949152557
23.666667938232425,23.755332946777344,23.011999130249023,23.07399940490723,23.07399940490723,126301500.0,0.1625790254237288
23.07399940490723,23.58933258056641,22.86066627502441,23.290000915527344,23.290000915527344,96973500.0,0.1641210084033612
23.375999450683594,23.520000457763672,23.22400093078613,23.47800064086914,23.47800064086914,72135000.0,0.11979460580912842
23.52799987792969,23.54333305358887,23.07333374023437,23.33266639709473,23.33266639709473,66006000.0,0.08140041322314054
23.45000076293945,23.99933242797852,23.18666648864746,23.968000411987305,23.968000411987305,115872000.0,0.11335823045267497
24.0,24.07999992370605,23.30466651916504,23.481332778930664,23.481332778930664,100876500.0,0.04428577405857737
23.63400077819824,24.05599975585937,23.60000038146973,23.655332565307614,23.655332565307614,91650000.0,0.1637379381443296
22.67733383178711,22.733333587646484,22.0,22.202667236328125,22.202667236328125,253059000.0,0.16761592356687877
22.95466613769531,22.971332550048828,22.297332763671875,22.422666549682614,22.422666549682614,185092500.0,0.040913207547169816
22.351333618164066,22.36666679382324,21.80666732788086,21.92799949645996,21.92799949645996,119211000.0,0.10326078028747424
22.07466697692871,22.261999130249023,21.904666900634766,22.086000442504886,22.086000442504886,83334000.0,0.09850870488322717
,,,,,,0.1616344537815124
22.073999404907227,22.083999633789066,21.833332061767575,21.996000289916992,21.996000289916992,36984000.0,0.06299520833333334
21.959999084472656,22.42533302307129,21.91266632080078,22.32466697692871,22.32466697692871,91117500.0,0.09099705882352938
22.17466735839844,22.527332305908203,22.145999908447266,22.413333892822266,22.413333892822266,98605500.0,0.09078389121338913
22.51666641235352,22.52400016784668,22.190000534057614,22.20199966430664,22.20199966430664,82995000.0,0.14971518987341756
22.18866729736328,22.294666290283203,21.81666755676269,22.024667739868164,22.024667739868164,55869000.0,0.13997724425887262
22.333332061767575,22.59066772460937,22.31800079345703,22.392667770385746,22.392667770385746,114186000.0,0.15337221052631567
22.439332962036133,22.96333312988281,22.338666915893555,22.635332107543945,22.635332107543945,135346500.0,0.09801384297520647
22.66399955749512,23.381999969482425,22.62066650390625,23.256000518798828,23.256000518798828,132424500.0,0.1003276086956522
23.458667755126953,23.81266784667969,23.4060001373291,23.51333236694336,23.51333236694336,103467000.0,0.021572222222222222
23.661333084106445,24.18266677856445,23.548667907714844,23.97866630554199,23.97866630554199,116458500.0,0.1074855670103092
24.06999969482422,24.34733390808105,23.642667770385746,23.892667770385746,23.892667770385746,98563500.0,0.04841359832635982
24.170000076293945,25.57399940490723,24.166667938232425,25.433332443237305,25.433332443237305,272613000.0,0.17662406639004138
25.266000747680664,25.70000076293945,25.059999465942386,25.266000747680664,25.266000747680664,127452000.0,0.16075467775467758
25.375333786010746,26.347999572753906,25.371999740600586,26.209999084472656,26.209999084472656,211815000.0,0.15188881987577618
26.488000869750977,27.123332977294922,26.433332443237305,26.93600082397461,26.93600082397461,271606500.0,0.09487154989384289
27.3526668548584,27.53333282470703,26.679332733154297,27.03933334350586,27.03933334350586,221290500.0,0.16594120082815714
27.45199966430664,28.13400077819824,27.333332061767575,27.947999954223636,27.947999954223636,199794000.0,0.1641835789473682
27.890666961669922,28.36466789245605,27.51266670227051,28.35000038146973,28.35000038146973,120820500.0,0.17875462184873955
,,,,,,0.19746223628691995
28.527332305908203,28.898666381835934,28.42333221435547,28.72933387756348,28.72933387756348,159508500.0,0.11061549586776866
29.0,29.020666122436523,28.40733337402344,28.691999435424805,28.691999435424805,149185500.0,0.10442797494780792
28.586000442504886,28.60000038146973,27.28400039672852,27.64666748046875,27.64666748046875,188796000.0,0.12130163934426239
27.0,28.086000442504886,26.80533218383789,27.8886661529541,27.8886661529541,154285500.0,0.16746541666666667
,,,,,,0.06452757201646095
28.29999923706055,28.71333312988281,28.11400032043457,28.68400001525879,28.68400001525879,142981500.0,0.10661319148936166
29.36666679382324,30.26666641235352,29.12800025939941,29.53400039672852,29.53400039672852,266677500.0,0.14055737704918045
29.36466789245605,30.10400009155273,29.333332061767575,30.1026668548584,30.1026668548584,151995000.0,0.2076979035639417
30.76000022888184,31.441999435424805,30.22400093078613,31.270666122436523,31.270666122436523,268231500.0,0.17633583333333336
31.57999992370605,33.232666015625,31.215333938598636,32.80933380126953,32.80933380126953,467164500.0,0.12899680851063833
33.139999389648445,33.25333404541016,31.524667739868164,32.08933258056641,32.08933258056641,426606000.0,0.1763182952182951
32.11933135986328,32.329334259033196,31.57999992370605,31.876667022705078,31.876667022705078,194392500.0,0.1965891666666666
32.900001525878906,35.04199981689453,32.799999237060554,34.990665435791016,34.990665435791016,397764000.0,0.13380453608247414
36.28400039672852,36.49399948120117,34.993331909179695,35.861331939697266,35.861331939697266,434943000.0,0.15460751565762007
35.31733322143555,35.85599899291992,34.452667236328125,34.566665649414055,34.566665649414055,260532000.0,0.15476484210526306
32.91666793823242,34.297332763671875,32.81133270263672,34.232666015625,34.232666015625,326050500.0,0.13113354297693905
33.84066772460937,34.37799835205078,33.54399871826172,34.03333282470703,34.03333282470703,204436500.0,0.1530438923395443
,,,,,,0.0013811839323467207
35.349998474121094,36.571998596191406,35.227333068847656,36.47999954223633,36.47999954223633,267052500.0,0.08252911392405056
38.1259994506836,39.63333129882813,37.27333450317383,37.97066879272461,37.97066879272461,470535000.0,0.10343581780538308
37.61666870117188,38.79999923706055,37.040000915527344,38.14666748046875,38.14666748046875,294765000.0,0.15661037344398349
38.04199981689453,38.25733184814453,36.95066833496094,37.65466690063477,37.65466690063477,215304000.0,0.11165031055900619
36.132667541503906,37.62933349609375,35.95199966430664,37.201332092285156,37.201332092285156,204121500.0,0.12344514767932482
37.89933395385742,38.45399856567383,37.2053337097168,37.79333114624024,37.79333114624024,176827500.0,0.06254321503131526
38.37933349609375,39.31999969482422,37.82866668701172,38.732666015625,38.732666015625,267022500.0,0.14589316239316225
42.16133117675781,43.391998291015625,41.20000076293945,42.72066879272461,42.72066879272461,435085500.0,0.17308179959100187
42.66666793823242,43.53333282470703,42.16799926757813,43.37133407592773,43.37133407592773,235789500.0,0.22998298755186647
44.91266632080078,52.40933227539063,44.90133285522461,52.0,52.0,705975000.0,0.10273115789473675
58.86399841308594,64.59933471679689,55.59199905395508,59.13733291625977,59.13733291625977,914082000.0,0.13409704641350204
54.88399887084961,56.39866638183594,46.94066619873047,48.97999954223633,48.97999954223633,726357000.0,0.10583168724279829
46.66133117675781,53.05533218383789,45.79999923706055,49.93066787719727,49.93066787719727,598212000.0,0.1176165975103735
48.70333480834961,51.31666564941406,48.66666793823242,49.87133407592773,49.87133407592773,255952500.0,0.12802652631578937
53.33333206176758,54.66600036621094,50.15999984741211,51.41866683959961,51.41866683959961,370338000.0,0.18241129363449676
51.25266647338867,52.23400115966797,50.53333282470703,51.62533187866211,51.62533187866211,175462500.0,0.14204029227557385
51.85800170898438,52.6500015258789,50.891334533691406,51.15266799926758,51.15266799926758,180337500.0,0.1159443064182194
49.45600128173828,54.53333282470703,49.0,53.599998474121094,53.599998474121094,394339500.0,0.14524210526315776
52.4813346862793,54.19800186157226,52.36666870117188,53.33533477783203,53.33533477783203,235405500.0,0.12682774327122148
,,,,,,0.06813461538461554
56.106666564941406,57.33333206176758,55.49066543579102,57.22666549682617,57.22666549682617,245725500.0,0.16862286324786316
61.56666564941406,62.98533248901367,60.06800079345703,61.16133117675781,61.16133117675781,381345000.0,0.21758957446808455
60.79666519165039,60.79999923706055,57.3293342590332,59.96066665649414,59.96066665649414,264523500.0,0.18824008438818543
60.46533203125,60.87066650390625,58.6966667175293,60.06666564941406,60.06666564941406,214722000.0,0.12822033195020743
55.93333435058594,57.56666564941406,54.813331604003906,55.58599853515625,55.58599853515625,227883000.0,0.12666351648351634
56.599998474121094,57.106666564941406,52.46666717529297,53.32733154296875,53.32733154296875,259357500.0,0.09323205128205138
52.16666793823242,54.22066879272461,51.74066543579102,51.91999816894531,51.91999816894531,211282500.0,0.121746764091858
48.66666793823242,49.31800079345703,44.599998474121094,45.26666641235352,45.26666641235352,364158000.0,0.08384427966101693
41.97999954223633,46.03466796875,40.76800155639648,44.53266525268555,44.53266525268555,363343500.0,0.1060337448559671
47.41733169555664,49.5793342590332,45.77799987792969,49.574668884277344,49.574668884277344,302925000.0,0.13559524793388414
53.66666793823242,53.79866790771485,47.74066543579102,49.70066833496094,49.70066833496094,386760000.0,0.11412989473684204
50.93066787719727,51.10133361816406,48.31533432006836,49.96666717529297,49.96666717529297,225735000.0,0.12437241379310338
48.2513313293457,49.71666717529297,47.87133407592773,48.30266571044922,48.30266571044922,162790500.0,0.14594291666666653
46.0,47.13333129882813,45.61800003051758,46.89866638183594,46.89866638183594,189943500.0,0.02400891304347825
40.35933303833008,44.20000076293945,40.33333206176758,40.53333282470703,40.53333282470703,256105500.0,0.10875041322314029
43.96200180053711,44.53333282470703,40.53333282470703,43.02199935913086,43.02199935913086,233916000.0,0.08645412262156452
42.68000030517578,43.571998596191406,40.86666870117188,42.28200149536133,42.28200149536133,199837500.0,0.12923167701863342
38.72600173950195,39.63333129882813,36.41666793823242,37.36999893188477,37.36999893188477,283636500.0,0.06875845511482252
39.66666793823242,40.50466537475586,33.46666717529297,36.44133377075195,36.44133377075195,339604500.0,0.1652956043956044
31.29999923706055,32.9913330078125,29.47800064086914,29.67133331298828,29.67133331298828,307342500.0,0.056542291666666654
29.333999633789066,31.45666694641113,26.399999618530273,28.68000030517578,28.68000030517578,359919000.0,0.0949162447257382
25.933332443237305,26.99066734313965,23.36733245849609,24.08133316040039,24.08133316040039,356793000.0,0.09962792207792193
24.979999542236328,30.13333320617676,23.8973331451416,28.50933265686035,28.50933265686035,452932500.0,0.05276025641025642
29.21333312988281,31.79999923706055,28.38599967956543,28.50200080871582,28.50200080871582,424282500.0,0.09381618257261409
28.906667709350586,29.46666717529297,27.36666679382324,28.952667236328125,28.952667236328125,246817500.0,0.07391483870967744
31.81999969482422,34.24599838256836,31.60000038146973,33.66666793823242,33.66666793823242,343428000.0,0.16093326271186434
36.349998474121094,37.13333129882813,34.07400131225586,35.95000076293945,35.95000076293945,318340500.0,0.17061416309012878
36.49266815185547,37.33333206176758,34.150001525878906,35.21066665649414,35.21066665649414,260710500.0,0.13614203821656054
33.66666793823242,35.053333282470696,32.935333251953125,34.29066848754883,34.29066848754883,215661000.0,0.14604228329809726
34.017333984375,34.44333267211914,32.748668670654304,33.47533416748047,33.47533416748047,179971500.0,0.12242934782608679
33.41666793823242,36.19733428955078,33.133331298828125,34.933334350585945,34.933334350585945,266572500.0,0.050006342494714584
33.59999847412109,34.26333236694336,31.67333221435547,32.10400009155273,32.10400009155273,200298000.0,0.08906367432150311
32.06866836547852,32.950668334960945,29.76000022888184,30.29800033569336,30.29800033569336,297876000.0,0.25955274725274724
33.96666717529297,34.36600112915039,31.22599983215332,32.000667572021484,32.000667572021484,338431500.0,0.1677090712742977
34.080001831054695,34.733333587646484,33.19733428955078,34.416000366210945,34.416000366210945,223527000.0,0.1272363247863248
36.33333206176758,37.66666793823242,35.48933410644531,36.36333465576172,36.36333465576172,268797000.0,0.1110858050847457
36.9466667175293,37.14733123779297,35.55533218383789,36.589332580566406,36.589332580566406,189840000.0,0.13772748917748895
37.4726676940918,38.34533309936523,37.14066696166992,38.20000076293945,38.20000076293945,204750000.0,0.10906743697478977
,,,,,,0.041615625
39.34400177001953,43.46666717529297,38.70199966430664,43.39666748046875,43.39666748046875,337131000.0,0.08768315565031971
46.597999572753906,49.45866775512695,46.1619987487793,47.32600021362305,47.32600021362305,458647500.0,0.16284318181818166
49.46666717529297,50.20866775512695,47.33333206176758,48.65533447265625,48.65533447265625,353655000.0,0.16067974137931032
47.79600143432617,50.63000106811523,47.11466598510742,49.68066787719727,49.68066787719727,309868500.0,0.140628329809725
51.48533248901367,51.66333389282226,49.84400177001953,50.25933456420898,50.25933456420898,196923000.0,0.12593747412008285
48.8466682434082,51.03799819946289,47.48066711425781,49.75733184814453,49.75733184814453,221199000.0,0.16046708860759487
48.67466735839844,50.22200012207031,44.919334411621094,45.781333923339844,45.781333923339844,303136500.0,0.1563098081023452
46.93199920654297,48.93333435058594,45.91400146484375,48.807334899902344,48.807334899902344,212482500.0,0.14540740740740743
48.50666809082031,48.93333435058594,46.87533187866211,47.04199981689453,47.04199981689453,198550500.0,0.12655456431535264
47.38733291625977,48.71533203125,46.54533386230469,48.34333419799805,48.34333419799805,198180000.0,0.1613847280334724
49.17399978637695,53.29933166503906,49.0,53.25,53.25,310221000.0,0.1349699784017277
53.04266738891602,53.66666793823242,50.44599914550781,51.27466583251953,51.27466583251953,228330000.0,0.09246124197002133
52.678001403808594,53.54666519165039,52.21066665649414,53.3673324584961,53.3673324584961,243240000.0,0.06506463157894739
57.01266860961914,57.987998962402344,50.9000015258789,52.12533187866211,52.12533187866211,427078500.0,0.1323379166666667
50.33333206176758,51.51800155639648,45.5359992980957,46.75466537475586,46.75466537475586,487977000.0,0.09095074309978764
46.73333358764648,50.79999923706055,46.53333282470703,50.74599838256836,50.74599838256836,288556500.0,0.1775158995815899
52.65266799926758,53.26133346557617,50.8120002746582,51.2140007019043,51.2140007019043,254875500.0,0.05901222707423579
51.76666641235352,52.6533317565918,50.74066543579102,52.17200088500977,52.17200088500977,166848000.0,0.17542499999999972
51.81399917602539,53.09333419799805,51.4900016784668,52.00266647338867,52.00266647338867,172915500.0,0.09721620469083157
52.91799926757813,54.93333435058594,52.46733474731445,54.62799835205078,54.62799835205078,241297500.0,0.14148926315789456
52.70066833496094,54.93333435058594,52.33333206176758,54.08599853515625,54.08599853515625,247794000.0,0.12254246861924668
55.13333129882813,56.21933364868164,53.86666870117188,53.96066665649414,53.96066665649414,238603500.0,0.15970659793814437
54.72200012207031,55.06666564941406,50.88666534423828,52.73066711425781,52.73066711425781,285982500.0,0.17211569037656882
52.0,53.557334899902344,50.93333435058594,53.55533218383789,53.55533218383789,205233000.0,0.15986991701244807
52.68999862670898,53.66999816894531,52.4366683959961,53.27799987792969,53.27799987792969,157776000.0,0.1355793103448274
55.18533325195313,55.64799880981445,53.59199905395508,54.24200057983398,54.24200057983398,174987000.0,0.1660146868250537
54.34466552734375,54.80466842651367,53.73866653442383,53.8673324584961,53.8673324584961,144547500.0,0.13847310924369724
54.70000076293945,55.06666564941406,54.11999893188477,54.37066650390625,54.37066650390625,109639500.0,0.15320792951541837
54.4000015258789,55.5,53.06666564941406,55.17333221435547,55.17333221435547,183819000.0,0.11752531120331942
54.81133270263672,55.45199966430664,54.13333129882813,54.45866775512695,54.45866775512695,149812500.0,0.10605631469979293
,,,,,,0.11644218106995873
55.63333129882813,55.63999938964844,54.38066864013672,54.5913314819336,54.5913314819336,121345500.0,0.1830583157894733
54.7239990234375,55.18066787719727,52.33333206176758,54.68199920654297,54.68199920654297,173242500.0,0.1263220043572984
54.23400115966797,54.98333358764648,53.44599914550781,53.72066879272461,53.72066879272461,108834000.0,0.11254943566591423
53.91666793823242,55.66666793823242,53.61399841308594,55.66666793823242,55.66666793823242,176467500.0,0.16665815450643803
57.20000076293945,59.93333435058594,56.93999862670898,59.87333297729492,59.87333297729492,224092500.0,0.18824143763213477
59.64666748046875,60.57733154296875,58.06666564941406,58.770668029785156,58.770668029785156,203484000.0,0.20536405228758134
59.20800018310547,59.86266708374024,58.67333221435547,58.86399841308594,58.86399841308594,119242500.0,0.19647809917355327
59.32533264160156,59.71666717529297,57.22933197021485,57.62533187866211,57.62533187866211,133315500.0,0.1405177874186549
58.522666931152344,59.10133361816406,57.746665954589844,59.04399871826172,59.04399871826172,117178500.0,0.2392911504424771
61.26666641235352,63.33333206176758,60.61066818237305,63.32799911499024,63.32799911499024,212620500.0,0.12316933045356372
62.66733169555664,63.62933349609375,61.59533309936523,62.71133422851562,62.71133422851562,170823000.0,0.15068025210084013
66.12533569335939,68.49866485595703,65.5,68.336669921875,68.336669921875,278451000.0,0.2218269874476988
66.01333618164061,67.9306640625,64.80000305175781,64.85600280761719,64.85600280761719,238747500.0,0.09060565217391311
65.33333587646484,65.86533355712889,60.84000015258789,62.35200119018555,62.35200119018555,251451000.0,0.15438481561822123
61.18600082397461,66.58933258056639,60.56666564941406,66.05999755859375,66.05999755859375,235458000.0,0.18357217194570144
67.4566650390625,67.52532958984375,64.15933227539061,65.47533416748047,65.47533416748047,210766500.0,0.20283731343283526
65.84733581542969,67.0,65.50466918945311,66.11933135986328,66.11933135986328,148362000.0,0.13375860566448808
66.86666870117189,67.94667053222656,66.29799652099611,66.9306640625,66.9306640625,146278500.0,0.12758473118279529
67.51866912841797,67.73133087158203,66.08933258056639,66.72666931152344,66.72666931152344,130195500.0,0.16070042372881355
66.663330078125,67.2586669921875,66.00133514404297,66.28800201416016,66.28800201416016,95436000.0,0.12159214780600447
66.59200286865234,67.46666717529297,66.267333984375,66.78533172607422,66.78533172607422,95479500.0,0.18888047722342732
66.27400207519531,66.72533416748047,63.54266738891602,64.05666351318361,64.05666351318361,164394000.0,0.056117167381974295
63.61800003051758,65.73200225830078,62.47666549682617,65.73200225830078,65.73200225830078,138817500.0,0.1018556701030929
66.31866455078125,66.33333587646484,63.65800094604492,63.982666015625,63.982666015625,132823500.0,0.12113171806167383
64.60066986083984,67.33333587646484,63.23466873168945,67.29000091552734,67.29000091552734,135396000.0,0.15121699779249417
67.09999847412111,72.51266479492188,66.91533660888672,71.98733520507812,71.98733520507812,253777500.0,0.18513218884120158
72.19999694824219,75.68866729736328,72.03333282470703,74.64199829101562,74.64199829101562,199903500.0,0.20953957446808472
81.43199920654297,81.86666870117188,79.04000091552734,80.57733154296875,80.57733154296875,258751500.0,0.14617278481012655
,,,,,,0.17414279749478062
85.11266326904297,91.85266876220705,84.40266418457031,91.43866729736328,91.43866729736328,308548500.0,0.16090294117647064
93.6673355102539,95.3000030517578,89.11399841308594,92.65733337402344,92.65733337402344,322345500.0,0.17405289079229117
93.66666412353516,94.48400115966795,87.42266845703125,91.05867004394531,91.05867004394531,244669500.0,0.13641491228070174
93.1326675415039,93.90399932861328,90.08533477783205,92.9520034790039,92.9520034790039,175764000.0,0.19931401673640148
93.06666564941406,103.2613296508789,91.73400115966795,102.97666931152344,102.97666931152344,350064000.0,0.1519428571428571
110.5999984741211,119.66600036621094,98.0739974975586,99.8040008544922,99.8040008544922,584781000.0,0.13083402922755727
103.73332977294922,106.0,95.4000015258789,101.12000274658205,101.12000274658205,351271500.0,0.16031531914893607
102.86666870117188,103.33333587646484,97.13333129882812,103.06732940673828,103.06732940673828,245517000.0,0.06389702127659568
98.47733306884766,102.11399841308594,97.73332977294922,100.04266357421876,100.04266357421876,214512000.0,0.17857345679012326
100.89666748046876,102.50066375732422,99.33333587646484,100.05599975585938,100.05599975585938,139950000.0,0.15750331950207497
101.267333984375,110.0,99.1999969482422,109.53333282470705,109.53333282470705,256821000.0,0.21197765726681098
109.32866668701172,111.66666412353516,103.86666870117188,104.55733489990234,104.55733489990234,241608000.0,0.14780383795309152
106.5999984741211,108.4280014038086,104.13333129882812,106.15533447265624,106.15533447265624,212416500.0,0.17130042016806704
111.93000030517578,112.5999984741211,98.71800231933594,100.87133026123048,100.87133026123048,364927500.0,0.16665022624434375
94.40066528320312,97.66666412353516,91.10266876220705,94.46666717529295,94.46666717529295,290949000.0,0.17669346846846853
95.66666412353516,103.1959991455078,94.1999969482422,102.63999938964844,102.63999938964844,240730500.0,0.11998022471910115
100.26667022705078,104.3133316040039,98.29467010498048,98.43267059326172,98.43267059326172,237130500.0,0.1513310924369747
100.06666564941406,102.32066345214844,99.13333129882812,99.94066619873048,99.94066619873048,141403500.0,0.16801450549450503
99.1999969482422,100.8826675415039,98.06666564941406,99.16600036621094,99.16600036621094,114315000.0,0.15019915254237262
101.0,101.13666534423828,94.73200225830078,95.38400268554688,95.38400268554688,183123000.0,0.18363882618510122
96.61333465576172,100.65399932861328,96.29199981689452,99.0,99.0,132139500.0,0.21574588744588746
99.6673355102539,101.82733154296876,97.46666717529295,99.13333129882812,99.13333129882812,126225000.0,0.09903176972281419
99.5326690673828,99.98933410644531,97.88733673095705,99.00133514404295,99.00133514404295,74217000.0,0.1351332603938732
99.38866424560548,101.15399932861328,98.48400115966795,99.30533599853516,99.30533599853516,89884500.0,0.1901766806722685
99.96932983398438,99.98332977294922,94.33399963378906,96.84733581542969,96.84733581542969,133446000.0,0.15461574279379142
96.53333282470705,97.16666412353516,92.38933563232422,94.5713348388672,94.5713348388672,112834500.0,0.1324973333333331
93.06666564941406,94.66666412353516,91.0,91.6259994506836,91.6259994506836,129387000.0,0.1559567796610169
98.0,105.66666412353516,95.66666412353516,103.65066528320312,103.65066528320312,327441000.0,0.17636344537815113
107.4000015258789,110.07866668701172,104.48400115966795,108.06666564941406,108.06666564941406,306379500.0,0.17994882226980707
110.99933624267578,111.25333404541016,108.44266510009766,110.04733276367188,110.04733276367188,188664000.0,0.13922337662337647
111.8000030517578,123.05733489990234,111.52200317382812,122.3759994506836,122.3759994506836,303634500.0,0.1585782327586206
126.59933471679688,128.25999450683594,123.00733184814452,125.80599975585938,125.80599975585938,247117500.0,0.18293290598290576
124.33333587646484,127.4000015258789,122.74732971191406,125.23533630371094,125.23533630371094,183079500.0,0.1648530526315788
124.04533386230469,134.79933166503906,123.8040008544922,133.45533752441406,133.45533752441406,309177000.0,0.19428088235294122
136.31733703613278,139.69932556152344,135.00332641601562,136.66532897949222,136.66532897949222,322344000.0,0.22688739130434749
141.7519989013672,141.93333435058594,128.50132751464844,134.27999877929688,134.27999877929688,300954000.0,0.14486519916142546
131.65933227539062,135.19667053222656,131.19999694824222,134.88932800292972,134.88932800292972,159883500.0,0.11135280898876398
137.33332824707028,144.39999389648438,136.90866088867188,143.54466247558594,143.54466247558594,213591000.0,0.14420706401766015
145.36399841308594,153.0399932861328,142.8333282470703,149.25,149.25,355395000.0,0.17024578833693296
153.00799560546875,154.5659942626953,145.76800537109375,147.55999755859375,147.55999755859375,301218000.0,0.12329435146443503
148.20333862304688,166.7133331298828,146.70333862304688,166.10667419433594,166.10667419433594,355123200.0,0.14492224576271182
167.3800048828125,167.49667358398438,156.836669921875,158.35000610351562,158.35000610351562,269523300.0,0.1734845977011492
159.663330078125,159.67999267578125,135.03999328613278,149.1233367919922,149.1233367919922,288528300.0,0.1461157446808511
135.74333190917972,143.93333435058594,134.0,135.66667175292972,135.66667175292972,262788300.0,0.07132826552462528
134.27000427246094,142.6666717529297,124.00666809082031,139.44000244140622,139.44000244140622,330965700.0,0.09476940928270038
,,,,,,0.15926952595936772
118.66666412353516,122.913330078125,109.95999908447266,110.06999969482422,110.06999969482422,346397100.0,0.09519706498951776
118.86666870117188,123.0,113.836669921875,122.09333038330078,122.09333038330078,238397400.0,0.15774593406593404
128.73666381835938,132.99667358398438,120.1866683959961,123.77999877929688,123.77999877929688,254791800.0,0.18195836909871235
127.3133316040039,127.5,120.16666412353516,124.23999786376952,124.23999786376952,182152500.0,0.16001280353200886
126.98332977294922,140.0,124.43333435058594,139.87333679199222,139.87333679199222,249061800.0,0.1734961038961035
145.52000427246094,153.97999572753906,143.56666564941406,149.9199981689453,149.9199981689453,291894600.0,0.17049021276595722
146.6233367919922,152.59666442871094,145.10333251953125,147.25332641601562,147.25332641601562,216837900.0,0.17198766816143468
138.53334045410156,145.92999267578125,136.0,141.14332580566406,141.14332580566406,230337600.0,0.19368747346072196
149.31333923339844,150.3333282470703,142.93333435058594,147.38333129882812,147.38333129882812,259220400.0,0.17477899343544848
151.0433349609375,151.89332580566406,135.69000244140622,149.79666137695312,149.79666137695312,328430400.0,0.12538991228070173
143.1999969482422,145.9199981689453,139.19999694824222,141.41000366210938,141.41000366210938,238742400.0,0.14263542976939206
135.05332946777344,137.38333129882812,125.2933349609375,126.7866668701172,126.7866668701172,285222600.0,0.11626152263374476
121.26667022705078,133.16667175292972,117.0999984741211,129.26333618164062,129.26333618164062,289683300.0,0.17654989339019175
131.15666198730472,136.24333190917972,130.43333435058594,135.77999877929688,135.77999877929688,201625500.0,0.1647537414965986
141.5399932861328,142.69332885742188,138.51666259765622,140.39999389648438,140.39999389648438,149158800.0,0.1419974358974358
138.66667175292972,142.8333282470703,137.19999694824222,139.69000244140622,139.69000244140622,150657900.0,0.17009658119658097
140.44000244140622,144.64332580566406,140.15666198730472,143.00332641601562,143.00332641601562,144436800.0,0.2039339092872569
146.9199981689453,149.6266632080078,144.80667114257812,149.3866729736328,149.3866729736328,152224500.0,0.15163437499999988
140.46333312988278,146.3766632080078,138.33332824707028,138.36332702636722,138.36332702636722,214290000.0,0.14379163179916304
141.11666870117188,144.54666137695312,139.77667236328122,141.89332580566406,141.89332580566406,134168400.0,0.1903993670886073
141.26333618164062,142.92666625976562,135.35000610351562,137.99333190917972,137.99333190917972,147438900.0,0.1501880952380952
139.9566650390625,143.3000030517578,137.94999694824222,141.76666259765625,141.76666259765625,129383100.0,0.17847713675213647
146.14666748046875,146.3333282470703,141.76666259765625,141.97332763671875,141.97332763671875,121263300.0,0.11211810526315785
143.3766632080078,144.8633270263672,142.15333557128906,144.6666717529297,144.6666717529297,86777100.0,0.19380805084745722
147.3333282470703,149.5800018310547,146.19332885742188,147.43333435058594,147.43333435058594,116373300.0,0.18793026905829563
147.78334045410156,149.6300048828125,145.53334045410156,148.88333129882812,148.88333129882812,103391100.0,0.2997398322851149
149.92666625976562,155.3000030517578,149.11666870117188,153.76666259765625,153.76666259765625,143639100.0,0.21327545871559594
150.10333251953125,152.19000244140625,147.5,149.6266632080078,149.6266632080078,107017200.0,0.1911154684095857
151.47999572753906,151.98333740234375,146.28334045410156,146.55667114257812,146.55667114257812,98327700.0,0.36077659574468135
148.74667358398438,149.0,142.9566650390625,143.61000061035156,143.61000061035156,108863400.0,0.17377974413646038
143.9166717529297,143.9166717529297,139.68333435058594,140.64666748046878,140.64666748046878,94968900.0,0.1938637711864405
140.89999389648438,144.31666564941406,140.41667175292972,140.8800048828125,140.8800048828125,97111500.0,0.20164905263157867
147.30667114257812,148.41000366210938,141.50332641601562,141.92999267578125,141.92999267578125,119979600.0,0.22322943632567857
140.61332702636722,140.9633331298828,135.7933349609375,140.21000671386722,140.21000671386722,101151000.0,0.1505044967880084
137.21000671386722,141.9199981689453,136.66667175292972,140.09333801269528,140.09333801269528,84717600.0,0.16715548387096782
141.25332641601562,143.5,140.03334045410156,141.55999755859375,141.55999755859375,68059500.0,0.17532978723404244
138.82666015625,139.53334045410156,135.33332824707028,135.33999633789062,135.33999633789062,76354200.0,0.20325458612975392
136.65333557128906,139.35333251953122,135.48666381835938,136.94332885742188,136.94332885742188,67965900.0,0.16979172413793117
135.63333129882812,135.86332702636722,126.37000274658205,129.34666442871094,129.34666442871094,127533900.0,0.19200565217391297
131.33332824707028,135.66000366210938,130.76666259765622,133.50332641601562,133.50332641601562,87063300.0,0.2154705752212384
136.57666015625,142.58999633789062,135.56333923339844,141.3000030517578,141.3000030517578,103055100.0,0.15041652360514993
143.5399932861328,145.13333129882812,139.03334045410156,140.32666015625,140.32666015625,96429300.0,0.1369731707317073
142.76666259765625,146.6666717529297,141.3333282470703,146.02999877929688,146.02999877929688,85243500.0,0.13585477707006355
145.36666870117188,145.52333068847656,141.42666625976562,143.31666564941406,143.31666564941406,65118000.0,0.20939298642533913
146.5,150.8333282470703,140.33332824707028,140.41999816894528,140.41999816894528,104499000.0,0.17059932432432423
140.02999877929688,140.02999877929688,132.00999450683594,136.78666687011722,136.78666687011722,90852600.0,0.19368409586056623
138.81666564941406,139.56666564941406,136.86000061035156,139.0433349609375,139.0433349609375,52073100.0,0.16393534482758593
138.35000610351562,141.0,136.50666809082028,137.25332641601562,137.25332641601562,59565300.0,0.18454592760181002
136.94999694824222,137.50999450683594,133.88667297363278,136.16667175292972,136.16667175292972,59313300.0,0.23601797040169076
136.30999755859378,137.48333740234378,134.69667053222656,136.02999877929688,136.02999877929688,80515800.0,0.1976274793388429
153.38999938964844,154.0,144.336669921875,147.20333862304688,147.20333862304688,183564900.0,0.15833758389261746
149.4499969482422,165.3333282470703,147.8333282470703,162.2133331298828,162.2133331298828,234132000.0,0.1684480932203388
164.0,169.5366668701172,162.52333068847656,166.42333984375,166.42333984375,187425900.0,0.1887508438818563
165.99667358398438,167.5,163.02000427246094,163.20333862304688,163.20333862304688,98735700.0,0.15762875264270593
167.8333282470703,175.3333282470703,167.26333618164062,173.9499969482422,173.9499969482422,150780900.0,0.20793736951983308
180.13333129882812,186.663330078125,175.39999389648438,185.1266632080078,185.1266632080078,160945500.0,0.15266688596491224
183.35333251953125,191.3333282470703,181.7899932861328,191.3333282470703,191.3333282470703,146790600.0,0.20268544303797442
,,,,,,0.23099194630872483
193.72000122070312,199.5933380126953,192.8166656494141,195.2533264160156,195.2533264160156,112683300.0,0.19147379912663748
200.73666381835938,202.6000061035156,184.836669921875,189.1999969482422,189.1999969482422,189009300.0,0.14281557377049175
199.19667053222656,199.2833404541016,190.68333435058597,194.9199981689453,194.9199981689453,120310500.0,0.2117739514348784
185.47999572753903,190.51333618164062,180.40333557128903,189.60667419433597,189.60667419433597,143327100.0,0.18239364406779646
196.67333984375,199.6566619873047,194.1433258056641,197.7933349609375,197.7933349609375,127656000.0,0.19477040358744385
197.0033264160156,199.67999267578125,195.1666717529297,199.67999267578125,199.67999267578125,88203900.0,0.2058507526881718
201.63999938964844,216.26333618164062,201.01666259765625,213.9199981689453,213.9199981689453,168929100.0,0.19225569892473113
208.5033264160156,217.0933380126953,206.1666717529297,216.6266632080078,216.6266632080078,192795000.0,0.15284200426439215
217.89666748046875,218.10667419433597,196.0,201.4933319091797,201.4933319091797,213873600.0,0.12785379609544464
191.4566650390625,209.25,188.77999877929688,209.02333068847656,209.02333068847656,201249600.0,0.15435999999999986
205.0033264160156,208.0,198.93333435058597,203.3300018310547,203.3300018310547,139425000.0,0.12232562499999994
206.3333282470703,214.25,203.3999938964844,213.27667236328125,213.27667236328125,156121800.0,0.15664620390455525
214.4266662597656,215.6333312988281,207.93333435058597,211.0833282470703,211.0833282470703,135214500.0,0.24770881720430082
209.41000366210938,210.8333282470703,201.6666717529297,207.58999633789062,207.58999633789062,126287400.0,0.18914133333333336
209.39666748046875,219.60667419433597,206.5,218.6333312988281,218.6333312988281,168810300.0,0.19810084566596162
222.96665954589844,231.6666717529297,209.51333618164062,231.6666717529297,231.6666717529297,666378600.0,0.18250041666666653
222.0800018310547,222.8333282470703,215.35667419433597,216.6199951171875,216.6199951171875,174135900.0,0.23941228070175413
216.0,216.6266632080078,204.7433319091797,213.44667053222656,213.44667053222656,155148000.0,0.1524306034482756
210.73333740234372,217.1666717529297,207.52333068847656,215.32666015625,215.32666015625,99519000.0,0.2190263383297642
214.3300018310547,222.02999877929688,213.6666717529297,220.58999633789062,220.58999633789062,68596800.0,0.2631726269315672
,,,,,,0.23022494279176153
224.836669921875,227.1333312988281,220.26666259765625,221.22999572753903,221.22999572753903,96835800.0,0.16740622119815646
220.3333282470703,223.3000030517578,218.3333282470703,221.9966735839844,221.9966735839844,68732400.0,0.18224806866952778
224.0,232.1999969482422,222.7866668701172,231.5933380126953,231.5933380126953,128538000.0,0.15346021505376328
233.3300018310547,239.5733337402344,230.3733367919922,235.22332763671875,235.22332763671875,148949700.0,0.17173538135593197
,,,,,,0.18940387096774175
239.82000732421875,248.163330078125,239.06333923339844,243.2566680908203,243.2566680908203,145914600.0,0.18421785714285677
241.22000122070312,246.94667053222656,239.73333740234372,245.0366668701172,245.0366668701172,96735600.0,0.15290108459869842
252.8300018310547,258.0,249.6999969482422,251.9933319091797,251.9933319091797,134100000.0,0.19426035242290737
259.20999145507807,272.32998657226557,258.39999389648443,272.01333618164057,272.01333618164057,154496700.0,0.18800415647921703
285.3333435058594,294.8299865722656,279.4633178710937,293.3399963378906,293.3399963378906,225166500.0,0.21269126637554567
283.1333312988281,284.80999755859375,267.87332153320307,270.39666748046875,270.39666748046875,177904800.0,0.16767973568281921
277.0,289.3333435058594,275.77999877929693,283.14666748046875,283.14666748046875,138812100.0,0.15717683486238526
284.2533264160156,286.8233337402344,277.33334350585943,284.8033447265625,284.8033447265625,99937500.0,0.1415322869955159
281.1300048828125,287.6666564941406,279.58334350585943,281.6666564941406,281.6666564941406,93798900.0,0.14679417040358733
284.0,286.6333312988281,273.0333251953125,275.3866577148437,275.3866577148437,116332800.0,0.1272680089485458
,,,,,,0.17570536912751653
279.26666259765625,283.3333435058594,277.66665649414057,281.51666259765625,281.51666259765625,76101000.0,0.22918665207877448
286.2466735839844,286.5,279.09332275390625,283.48333740234375,283.48333740234375,76997700.0,0.19440263736263705
285.0,285.239990234375,280.47332763671875,281.663330078125,281.663330078125,61563300.0,0.20047378854625555
278.10333251953125,282.6666564941406,276.2066650390625,282.21331787109375,282.21331787109375,60199500.0,0.2095227074235805
285.0,300.1333312988281,279.60665893554693,293.6000061035156,293.6000061035156,123520200.0,0.20628605200945616
297.1266784667969,298.6333312988281,290.5333251953125,294.36334228515625,294.36334228515625,69394800.0,0.09888805970149256
290.1166687011719,297.1666564941406,286.2200012207031,288.0533447265625,288.0533447265625,82002000.0,0.043586780383795314
273.33334350585943,282.6666564941406,267.0,278.47665405273443,278.47665405273443,79134000.0,-0.01576230936819172
276.66665649414057,280.8033447265625,260.0333251953125,264.510009765625,264.510009765625,104972400.0,0.13591759465478828
271.42999267578125,280.66665649414057,265.18667602539057,279.93667602539057,279.93667602539057,76174200.0,0.18561425287356348
281.55999755859375,293.5,280.7333374023437,290.92999267578125,290.92999267578125,73038600.0,0.16000051150895114
292.3399963378906,292.6933288574219,284.35333251953125,284.89666748046875,284.89666748046875,55030500.0,0.22071751824817562
285.0,285.5,277.80667114257807,283.3299865722656,283.3299865722656,47438100.0,0.174421956521739
281.6666564941406,288.25665283203125,279.6566772460937,284.07666015625,284.07666015625,55699800.0,0.17968265060240948
289.8900146484375,292.5899963378906,284.9166564941406,287.8066711425781,287.8066711425781,60485100.0,0.10729924999999987
285.0400085449219,286.6000061035156,280.58334350585943,283.1533203125,283.1533203125,45473100.0,0.15698853932584267
281.2133178710937,281.6066589355469,266.67333984375,268.27334594726557,268.27334594726557,108648300.0,0.13623941441441428
270.81332397460943,276.62667846679693,267.24334716796875,270.5533447265625,270.5533447265625,64868400.0,0.17812357142857144
267.086669921875,272.44332885742193,261.77667236328125,272.04000854492193,272.04000854492193,71304900.0,0.15404791666666665
,,,,,,0.19206844660194142
272.66665649414057,273.66665649414057,264.14666748046875,265.4066772460937,265.4066772460937,59406900.0,0.17243862433862414
259.6966552734375,266.61334228515625,254.0033264160156,266.04998779296875,266.04998779296875,77989500.0,0.16283777777777772
260.29998779296875,264.89666748046875,258.75665283203125,262.45999145507807,262.45999145507807,53871300.0,0.12619214285714278
265.0,265.5966796875,259.12332153320307,260.43331909179693,260.43331909179693,56874900.0,0.1934323008849553
254.2133331298828,256.16665649414057,236.73333740234372,238.1666717529297,238.1666717529297,111809100.0,0.17273481953290862
220.7100067138672,237.8699951171875,206.3333282470703,232.94667053222656,232.94667053222656,199820700.0,0.14511879049676008
237.2833404541016,248.3333282470703,231.38999938964844,247.33999633789062,247.33999633789062,110301000.0,0.23826952789699551
242.0500030517578,245.73666381835938,223.52667236328125,227.4066619873047,227.4066619873047,117071700.0,0.08686319290465626
233.3333282470703,235.5666656494141,219.836669921875,225.1666717529297,225.1666717529297,123267600.0,0.14250437788018425
230.0366668701172,239.6666717529297,228.3500061035156,239.47666931152344,239.47666931152344,81408600.0,0.1692647982062779
239.4266662597656,240.3699951171875,228.3333282470703,228.81333923339844,228.81333923339844,71196600.0,0.15461826923076907
229.3300018310547,233.5666656494141,217.23666381835938,217.73333740234372,217.73333740234372,90624000.0,0.12543949191685905
218.6000061035156,222.8166656494141,200.0,207.14666748046875,207.14666748046875,197758500.0,0.11532476190476176
208.6866607666016,209.27999877929688,179.8300018310547,199.3166656494141,199.3166656494141,268189500.0,0.1015414847161572
200.18333435058597,206.7100067138672,186.26333618164062,187.6666717529297,187.6666717529297,155361000.0,0.21562413793103435
202.72666931152344,226.02999877929688,198.40333557128903,224.52667236328125,224.52667236328125,202569900.0,0.139409259259259
233.43333435058597,239.2833404541016,218.35333251953125,222.6866607666016,222.6866607666016,181817100.0,0.19203579418344507
233.1333312988281,234.1666717529297,225.72666931152344,233.1999969482422,233.1999969482422,108761700.0,0.16659637681159417
223.3333282470703,231.6266632080078,222.04666137695312,231.2433319091797,231.2433319091797,100751400.0,0.1315359801488832
231.3633270263672,237.72666931152344,228.01333618164062,235.97999572753903,235.97999572753903,88006800.0,0.20410803571428507
234.4499969482422,235.97332763671875,223.6666717529297,225.6266632080078,225.6266632080078,96587100.0,0.1453423809523808
218.9566650390625,234.57666015625,217.0033264160156,233.9366607666016,233.9366607666016,121117500.0,0.14798160377358485
228.0966644287109,229.7433319091797,217.3333282470703,217.72000122070312,217.72000122070312,99674400.0,0.1622896860986545
215.5333404541016,219.07666015625,208.2066650390625,218.2899932861328,218.2899932861328,128682000.0,0.10473325062034727
228.19667053222656,233.2066650390625,222.9166717529297,223.3333282470703,223.3333282470703,118536600.0,0.11534522613065322
225.2566680908203,225.93333435058597,219.1699981689453,220.72000122070312,220.72000122070312,91475700.0,0.13348983050847446
222.6366729736328,222.67333984375,210.0366668701172,210.08999633789062,210.08999633789062,101385600.0,0.15053876146788975
204.3333282470703,215.1666717529297,203.1666717529297,213.4633331298828,213.4633331298828,117674700.0,0.06896711111111113
213.9566650390625,214.60667419433597,199.9633331298828,206.23666381835938,206.23666381835938,101558400.0,0.10112224824355975
205.2133331298828,205.4933319091797,198.67333984375,203.76333618164062,203.76333618164062,85911000.0,0.10612176870748286
200.5833282470703,212.55332946777344,197.0033264160156,211.8733367919922,211.8733367919922,118297200.0,0.5183131034482745
215.5399932861328,224.0,213.70333862304688,222.6433258056641,222.6433258056641,100011900.0,0.3733704496788008
229.4566650390625,230.8066711425781,219.8066711425781,220.5833282470703,220.5833282470703,105895200.0,0.362242021276596
,,,,,,0.24572416107382564
235.90333557128903,236.05332946777344,228.23333740234372,230.3500061035156,230.3500061035156,125528400.0,0.3044686666666668
230.1000061035156,232.18333435058597,227.1233367919922,230.5399932861328,230.5399932861328,84815400.0,0.502553812636164
229.0,230.4600067138672,222.6133270263672,223.6566619873047,223.6566619873047,78928200.0,0.43920952380952294
225.7933349609375,229.8500061035156,223.8833312988281,227.93333435058597,227.93333435058597,71772900.0,0.2982805225653208
225.92333984375,226.9900054931641,223.1433258056641,225.67333984375,225.67333984375,64311300.0,0.28298456521739135
228.5666656494141,234.93333435058597,227.3633270263672,233.9933319091797,233.9933319091797,87407100.0,0.21085744186046526
237.5666656494141,254.3333282470703,236.8866729736328,254.10667419433597,254.10667419433597,133958400.0,0.20225419501133798
256.89999389648443,260.26333618164057,242.6766662597656,244.07666015625,244.07666015625,147052200.0,0.32664646017699117
247.6999969482422,247.89666748046875,240.4366607666016,246.2833404541016,246.2833404541016,83546700.0,0.30374499999999977
242.8833312988281,249.80332946777344,241.5333404541016,246.5933380126953,246.5933380126953,83938500.0,0.2562399061032866
239.86666870117188,241.8000030517578,230.6000061035156,238.2100067138672,238.2100067138672,119058600.0,0.04409770642201834
239.13999938964844,245.75,236.89666748046875,239.663330078125,239.663330078125,106827000.0,0.2730173076923074
234.92333984375,248.27999877929688,232.6666717529297,248.0399932861328,248.0399932861328,93646500.0,0.28139608294930896
247.1666717529297,251.2566680908203,239.3466644287109,239.89666748046875,239.89666748046875,106770900.0,0.28401502732240425
239.93333435058597,245.7866668701172,238.48666381835938,243.1333312988281,243.1333312988281,85110000.0,0.2146790523690772
247.0,249.76666259765625,244.20333862304688,246.0666656494141,246.0666656494141,93115500.0,0.20641491596638636
239.32000732421875,241.3333282470703,234.4499969482422,234.913330078125,234.913330078125,88311000.0,0.20190698689956332
232.1366729736328,236.1666717529297,231.1999969482422,231.46665954589844,231.46665954589844,66813000.0,0.25787898383371854
233.1699981689453,234.0833282470703,222.8333282470703,225.6666717529297,225.6666717529297,86536200.0,0.17133491379310312
222.52999877929688,238.4900054931641,222.04666137695312,236.47999572753903,236.47999572753903,122276100.0,0.16128255813953488
234.6000061035156,235.3333282470703,226.8333282470703,228.3000030517578,228.3000030517578,81129300.0,0.17438776371308007
226.31333923339844,227.8166656494141,219.23333740234372,224.5333404541016,224.5333404541016,89217900.0,0.07427855530474028
227.0200042724609,228.43333435058597,222.44667053222656,223.64666748046875,223.64666748046875,65705700.0,0.1372584444444443
226.9199981689453,227.0066680908203,216.6666717529297,221.17999267578125,221.17999267578125,83353800.0,0.04517199999999998
221.93333435058597,230.0,220.0733337402344,224.1233367919922,224.1233367919922,70407600.0,0.09683661971830984
221.6333312988281,221.68333435058597,209.20333862304688,209.67999267578125,209.67999267578125,94177200.0,0.05247827050997777
199.7466735839844,209.0333404541016,198.5333404541016,205.73333740234372,205.73333740234372,139511700.0,0.10699056179775274
200.8300018310547,206.80332946777344,195.58999633789062,196.6300048828125,196.6300048828125,101470800.0,0.05665620915032674
200.51333618164062,202.15333557128903,186.5500030517578,190.56333923339844,190.56333923339844,132554700.0,0.16777499999999987
194.47000122070312,197.6233367919922,190.15333557128903,196.5800018310547,196.5800018310547,100112700.0,0.13967401746724875
191.8500061035156,196.57666015625,187.0666656494141,192.27667236328125,192.27667236328125,97171200.0,0.1939792237442922
189.3333282470703,198.75,187.7933349609375,192.6233367919922,192.6233367919922,110491800.0,0.21660617848970257
184.18333435058597,188.73666381835938,182.32666015625,187.82000732421875,187.82000732421875,118735200.0,0.12538337028824836
191.6666717529297,196.2833404541016,190.35667419433597,195.5933380126953,195.5933380126953,92463300.0,0.14560551876379668
198.70333862304688,198.8933258056641,193.3333282470703,193.6266632080078,193.6266632080078,78091800.0,0.15772847826086941
193.86666870117188,204.82666015625,191.21665954589844,202.14666748046875,202.14666748046875,103674300.0,0.11846808035714283
202.4366607666016,204.663330078125,198.57000732421875,201.56333923339844,201.56333923339844,84017700.0,0.15994582338902133
202.5200042724609,208.72332763671875,200.5,206.3766632080078,206.3766632080078,85917900.0,0.1512092307692308
206.7466735839844,210.3766632080078,205.40333557128903,210.2833404541016,210.2833404541016,79111800.0,0.05451810526315804
209.5,211.8633270263672,207.4600067138672,208.4066619873047,208.4066619873047,68211000.0,0.19694055415617104
,,,,,,0.13779026128266023
209.26666259765625,211.26666259765625,206.8500061035156,207.96665954589844,207.96665954589844,54254700.0,0.11306074561403492
206.7100067138672,207.7866668701172,199.7133331298828,201.7066650390625,201.7066650390625,69908400.0,0.15802196162046883
200.6000061035156,201.51666259765625,190.4066619873047,190.94667053222656,190.94667053222656,90335700.0,0.04957223476297965
193.23666381835938,200.20333862304688,192.3999938964844,199.68333435058597,199.68333435058597,72110700.0,0.11577280898876417
197.27667236328125,203.3333282470703,194.2933349609375,201.7100067138672,201.7100067138672,67631100.0,0.11590295983086661
207.6699981689453,207.69667053222656,198.5,201.19667053222656,201.19667053222656,78160200.0,0.1624717062634988
200.72332763671875,203.92999267578125,199.2100067138672,199.5933380126953,199.5933380126953,49753800.0,0.13436591478696738
201.2933349609375,205.52999877929688,200.1666717529297,203.3733367919922,203.3733367919922,71758800.0,0.06948424369747905
203.41000366210938,204.1866607666016,200.5066680908203,203.29666137695312,203.29666137695312,48615900.0,0.13434150110375273
204.07666015625,208.4966735839844,203.05999755859372,205.89666748046875,205.89666748046875,61272000.0,0.13184278215223086
205.56333923339844,205.5966644287109,199.41000366210938,199.7866668701172,199.7866668701172,53292300.0,0.22910446650124036
199.17999267578125,202.8333282470703,197.8333282470703,201.6233367919922,201.6233367919922,66432300.0,0.20995963718820856
200.6300048828125,207.1566619873047,200.44667053222656,205.5333404541016,205.5333404541016,68104200.0,0.20154107526881673
204.4566650390625,209.4499969482422,203.93333435058597,207.7700042724609,207.7700042724609,73682700.0,0.16409798657718117
208.16000366210938,210.4633331298828,202.9600067138672,206.94332885742188,206.94332885742188,74438100.0,0.1674931297709922
206.0833282470703,209.52333068847656,205.1666717529297,207.90333557128903,207.90333557128903,57476700.0,0.18173995381062366
210.6666717529297,219.0666656494141,210.01333618164062,218.85667419433597,218.85667419433597,93297600.0,0.17140757238307341
224.9966735839844,232.5399932861328,222.5366668701172,226.60667419433597,226.60667419433597,137947200.0,0.179851408450704
229.8600006103516,231.2700042724609,222.8999938964844,223.9566650390625,223.9566650390625,97490100.0,0.26928647450110843
223.8800048828125,231.5666656494141,223.44000244140625,229.5733337402344,229.5733337402344,64884600.0,0.19961594827586188
228.21665954589844,229.1699981689453,225.29666137695312,226.9199981689453,226.9199981689453,52143900.0,0.1941340659340659
226.58999633789062,230.9366607666016,226.04666137695312,226.5666656494141,226.5666656494141,56774700.0,0.2046689655172412
227.97332763671875,229.3300018310547,224.26666259765625,225.97332763671875,225.97332763671875,55903500.0,0.14998662280701747
226.32666015625,233.3333282470703,224.4199981689453,226.3000030517578,226.3000030517578,81163500.0,0.08776871921182265
,,,,,,0.20302398989898957
227.23666381835938,228.0,217.1333312988281,219.8600006103516,219.8600006103516,69853500.0,0.16145639810426504
221.42333984375,221.8999938964844,212.77333068847656,214.8833312988281,214.8833312988281,56376000.0,0.19084222222222197
209.4566650390625,218.1433258056641,206.82000732421875,217.60333251953125,217.60333251953125,68319900.0,0.22001343283582092
217.72666931152344,219.6366729736328,214.89666748046875,218.98333740234372,218.98333740234372,54421500.0,0.1381816513761469
220.73333740234372,229.0800018310547,220.72000122070312,228.5666656494141,228.5666656494141,77781000.0,0.049105213270142216
228.77333068847656,231.0933380126953,222.1000061035156,222.8466644287109,222.8466644287109,62898300.0,0.14414989293361863
223.5833282470703,226.20333862304688,217.6133270263672,217.7933349609375,217.7933349609375,64923600.0,0.1513090206185567
219.4633331298828,222.04666137695312,212.6266632080078,216.86666870117188,216.86666870117188,60628800.0,0.13552281879194622
218.22666931152344,218.8999938964844,214.0666656494141,214.7400054931641,214.7400054931641,49113000.0,0.16464279999999992
209.9633331298828,215.73333740234372,207.0966644287109,215.4066619873047,215.4066619873047,63891300.0,0.14075995370370367
217.3300018310547,220.79666137695312,213.5,220.1666717529297,220.1666717529297,46461300.0,0.19258229885057462
219.8699951171875,221.6199951171875,216.76333618164062,218.42999267578125,218.42999267578125,41859900.0,0.18463534482758626
218.81333923339844,220.72332763671875,214.86666870117188,216.4199981689453,216.4199981689453,45317100.0,0.13996453089244842
215.45333862304688,216.26666259765625,212.43333435058597,214.4600067138672,214.4600067138672,43814700.0,0.18742935982339923
216.9900054931641,222.73333740234372,215.70333862304688,219.2066650390625,219.2066650390625,76009800.0,0.15663626609442044
221.1333312988281,222.1666717529297,209.0800018310547,214.9266662597656,214.9266662597656,98439900.0,0.1188618336886992
215.6666717529297,218.3233337402344,213.1333312988281,215.66000366210938,215.66000366210938,48019800.0,0.1302246153846153
216.5966644287109,227.89666748046875,216.26666259765625,225.7833404541016,225.7833404541016,91183800.0,0.18868017057569264
223.9199981689453,232.50999450683597,223.0,229.0666656494141,229.0666656494141,88969200.0,0.14382407002188163
233.3333282470703,242.31333923339844,232.8000030517578,236.5566711425781,236.5566711425781,100847400.0,0.2337732067510545
239.6666717529297,240.8833312988281,233.6699981689453,236.5800018310547,236.5800018310547,64860900.0,0.1892627450980392
237.0,241.6333312988281,236.30999755859372,236.97332763671875,236.97332763671875,51007800.0,0.21371376344086007
238.6666717529297,240.3166656494141,237.1366729736328,238.2100067138672,238.2100067138672,38758800.0,0.06664415584415584
237.3000030517578,238.77667236328125,232.5433349609375,233.0333404541016,233.0333404541016,46869000.0,0.19436681127982647
236.72332763671875,239.6766662597656,235.0433349609375,237.9199981689453,237.9199981689453,44145900.0,0.1608197002141326
237.9966735839844,238.8633270263672,233.9600067138672,236.663330078125,236.663330078125,40296900.0,0.1667632241813602
237.57000732421875,238.3933258056641,234.73666381835938,235.94000244140625,235.94000244140625,29401800.0,0.1997631914893613
235.44667053222656,240.93333435058597,233.1333312988281,240.75,240.75,52377300.0,0.1573817427385892
241.23666381835938,243.3000030517578,238.1133270263672,239.0566711425781,239.0566711425781,50194500.0,0.22477782608695626
235.02333068847656,236.5,225.46665954589844,228.72332763671875,228.72332763671875,68032200.0,0.07193264033264028
224.22000122070312,224.8600006103516,216.27999877929688,221.90333557128903,221.90333557128903,71163900.0,0.08954761904761908
223.25,231.92333984375,223.11666870117188,229.663330078125,229.663330078125,61048200.0,0.16656195652173916
226.07000732421875,228.8500061035156,222.52999877929688,224.4900054931641,224.4900054931641,42940500.0,0.08475896907216492
227.61666870117188,230.7100067138672,224.5666656494141,226.7533264160156,226.7533264160156,44525700.0,0.1860597046413499
228.47999572753903,237.3766632080078,226.9166717529297,235.43333435058597,235.43333435058597,60794700.0,0.22406959314775168
236.8933258056641,238.4066619873047,234.2133331298828,236.163330078125,236.163330078125,39249300.0,0.17831714922048966
235.6766662597656,238.9900054931641,234.6666717529297,237.0666656494141,237.0666656494141,37936800.0,0.16365741935483885
236.10333251953125,238.46665954589844,232.5399932861328,233.72000122070312,233.72000122070312,39642900.0,0.12023978947368412
235.0,238.3333282470703,234.0333404541016,237.3066711425781,237.3066711425781,41501400.0,0.1072933901918976
238.2400054931641,243.6666717529297,237.57666015625,243.6366729736328,243.6366729736328,55812600.0,0.16084815618221238
244.3333282470703,246.79666137695312,242.14666748046875,245.2400054931641,245.2400054931641,62566200.0,0.21291369565217372
244.69332885742188,247.3300018310547,243.7566680908203,244.69667053222656,244.69667053222656,39612900.0,0.14677718120805355
244.8333282470703,246.9900054931641,243.51333618164062,244.1300048828125,244.1300048828125,38331900.0,0.15979915789473698
244.0833282470703,244.6666717529297,241.3999938964844,244.52333068847656,244.52333068847656,45738300.0,0.08280615711252638
,,,,,,0.191729438202247
246.6666717529297,253.3999938964844,246.4199981689453,250.97332763671875,250.97332763671875,60119400.0,0.11696370023419198
253.8600006103516,254.8166656494141,246.92333984375,251.2899932861328,251.2899932861328,56379000.0,0.14080849673202608
251.1366729736328,254.0333404541016,250.5433349609375,251.6199951171875,251.6199951171875,42233100.0,0.13990694143167026
253.1999969482422,254.20333862304688,244.83999633789062,245.42333984375,245.42333984375,45552600.0,0.1455296450939455
246.73666381835938,248.25999450683597,236.2833404541016,247.6666717529297,247.6666717529297,68857500.0,0.1606511578947368
247.52333068847656,251.4900054931641,245.46665954589844,248.163330078125,248.163330078125,55574700.0,0.2147846638655458
248.3333282470703,252.2866668701172,246.1199951171875,251.94332885742188,251.94332885742188,46073100.0,0.17086945054945055
250.94332885742188,252.97000122070312,249.20333862304688,252.3300018310547,252.3300018310547,41770200.0,0.1721419700214132
252.3833312988281,253.67999267578125,250.0,253.163330078125,253.163330078125,84612600.0,0.11518236658932703
244.85333251953125,247.3333282470703,239.5399932861328,243.38999938964844,243.38999938964844,74273100.0,0.1295142857142856
244.92999267578125,248.2466735839844,243.47999572753903,246.4600067138672,246.4600067138672,48992100.0,0.21365600907029475
247.8433380126953,251.22332763671875,246.3733367919922,250.64666748046875,250.64666748046875,45378900.0,0.20725211864406787
251.6666717529297,252.73333740234372,249.3066711425781,251.2133331298828,251.2133331298828,35842500.0,0.16430883002207508
248.6300048828125,258.26666259765625,248.1866607666016,258.1300048828125,258.1300048828125,64119000.0,0.17159790794979082
257.7066650390625,266.33334350585943,256.43667602539057,263.78668212890625,263.78668212890625,84212100.0,0.17236174636174628
262.39999389648443,265.2133178710937,255.3933258056641,259.18667602539057,259.18667602539057,76144200.0,0.1433287784679088
259.93331909179693,264.5,256.89334106445307,260.43667602539057,260.43667602539057,62828700.0,0.12002622601279316
260.33334350585943,263.0433349609375,258.33334350585943,258.49334716796875,258.49334716796875,53868000.0,0.263961041666666
259.4666748046875,260.260009765625,254.52999877929688,258.4066772460937,258.4066772460937,51094200.0,0.23093753086419727
265.5,268.989990234375,258.7066650390625,260.510009765625,260.510009765625,91449900.0,0.18137451820128478
261.60000610351557,265.76998901367193,258.06668090820307,260.1966552734375,260.1966552734375,55297800.0,0.18318915929203555
258.7333374023437,262.22000122070307,257.739990234375,260.91665649414057,260.91665649414057,43898400.0,0.1811941964285713
261.82000732421875,268.33334350585943,261.12667846679693,264.53668212890625,264.53668212890625,57587400.0,0.14003679833679827
265.4033203125,265.45999145507807,260.3033447265625,261.82998657226557,261.82998657226557,50215800.0,0.1777619870410368
262.54998779296875,267.07998657226557,261.83334350585943,263.98001098632807,263.98001098632807,42600900.0,0.15159999999999985
266.97665405273443,270.77334594726557,265.52334594726557,268.57333374023443,268.57333374023443,66060000.0,0.14199291666666652
270.1566772460937,271.8033447265625,268.59332275390625,270.3599853515625,270.3599853515625,42360300.0,0.20302693498452
271.82998657226557,273.41665649414057,271.11666870117193,272.77334594726557,272.77334594726557,36741600.0,0.1631010683760681
274.57998657226557,281.07000732421875,274.11666870117193,281.010009765625,281.010009765625,56773800.0,0.1822169851380041
283.92999267578125,291.7533264160156,283.8233337402344,290.03668212890625,290.03668212890625,72621600.0,0.16878991596638648
292.510009765625,292.6499938964844,287.5033264160156,288.0899963378906,288.0899963378906,52143300.0,0.164165082644628
288.45001220703125,289.8299865722656,285.7933349609375,288.6000061035156,288.6000061035156,42096300.0,0.1580791139240507
285.3333435058594,300.0,285.1666564941406,298.0,298.0,94444500.0,0.1929889624724061
298.5,303.3333435058594,296.9866638183594,303.2266540527344,303.2266540527344,68642400.0,0.2127460829493087
316.84332275390625,348.3399963378906,314.73333740234375,341.6199951171875,341.6199951171875,188556300.0,0.19719394572025048
341.5633239746094,364.9800109863281,333.8133239746094,339.4766540527344,339.4766540527344,187245000.0,0.22347401746724865
346.5533447265625,356.9599914550781,343.59332275390625,345.9533386230469,345.9533386230469,115579500.0,0.11169749478079333
356.10333251953125,360.3333435058594,351.3999938964844,359.0133361816406,359.0133361816406,81639600.0,0.19530539325842672
360.6199951171875,371.7366638183594,357.7366638183594,371.3333435058594,371.3333435058594,89755200.0,0.16947764705882346
381.6666564941406,403.25,372.88665771484375,402.86334228515625,402.86334228515625,168146100.0,0.17713489361702114
386.4533386230469,402.86334228515625,382.0,390.6666564941406,390.6666564941406,128213400.0,0.15658384955752203
392.4433288574219,405.1300048828125,384.2066650390625,404.6199951171875,404.6199951171875,103885500.0,0.12250439330543869
411.4700012207031,414.4966735839844,405.6666564941406,409.9700012207031,409.9700012207031,76192200.0,0.18708702127659577
409.3333435058594,413.2900085449219,402.6666564941406,407.36334228515625,407.36334228515625,64886400.0,0.12571978723404248
383.2633361816406,399.0,377.6666564941406,387.6466674804688,387.6466674804688,100337100.0,0.16479743589743584
391.20001220703125,391.5,337.17333984375,341.1666564941406,341.1666564941406,177317400.0,0.15307255717255716
336.8033447265625,359.3666687011719,329.10333251953125,355.98333740234375,355.98333740234375,128408100.0,0.22141918976545918
367.5899963378906,368.3233337402344,351.55999755859375,354.5033264160156,354.5033264160156,67189800.0,0.15953505376344082
349.1666564941406,351.5,339.73333740234375,344.47332763671875,344.47332763671875,76719300.0,0.1868806451612905
339.2099914550781,343.99334716796875,326.20001220703125,337.7966613769531,337.7966613769531,104326800.0,0.125723250564334
334.4366760253906,352.3999938964844,334.05999755859375,351.57666015625,351.57666015625,79627200.0,0.17556652452025584
354.5033264160156,373.21331787109375,351.8333435058594,363.0033264160156,363.0033264160156,94336200.0,0.2281496629213482
368.8500061035156,370.6666564941406,358.3399963378906,365.4599914550781,365.4599914550781,62696700.0,0.12521092077087764
366.2900085449219,379.5733337402344,364.23333740234375,379.0199890136719,379.0199890136719,64926900.0,0.19090573951434872
387.4433288574219,400.6499938964844,377.4766540527344,385.6233215332031,385.6233215332031,99217500.0,0.15223555555555549
389.1700134277344,393.5,354.23333740234375,369.6766662597656,369.6766662597656,108515100.0,0.1544575492341355
360.1300048828125,377.5899963378906,354.0,372.0,372.0,67680600.0,0.2540516129032254
,,,,,,0.24009584245076526
366.489990234375,369.5933227539063,360.3333435058594,360.6400146484375,360.6400146484375,35042700.0,0.1143022774327123
366.9966735839844,380.8900146484375,366.7300109863281,378.9966735839844,378.9966735839844,58393500.0,0.21776420824295006
381.4566650390625,389.3333435058594,372.6666564941406,381.586669921875,381.586669921875,81276000.0,0.18590340425531884
386.8999938964844,390.9466552734375,363.586669921875,365.0,365.0,68450400.0,0.17075084033613436
366.35333251953125,371.0,352.2166748046875,361.5333251953125,361.5333251953125,73114800.0,0.10790541125541127
361.5966796875,363.52667236328125,333.4033203125,338.3233337402344,338.3233337402344,92322000.0,0.17096927966101683
333.836669921875,340.5466613769531,316.8333435058594,336.336669921875,336.336669921875,81663000.0,0.09773143459915613
348.0666809082031,352.5566711425781,342.2699890136719,350.5833435058594,350.5833435058594,56084700.0,0.0901782795698923
350.9033203125,357.4599914550781,344.3333435058594,356.32000732421875,356.32000732421875,41906400.0,0.17154754797441363
353.5466613769531,354.163330078125,334.1199951171875,334.6000061035156,334.6000061035156,59438400.0,0.18235917525773185
336.25,340.32666015625,327.510009765625,339.010009765625,339.010009765625,59664300.0,0.12212210743801649
333.6966552734375,335.0,317.1400146484375,322.13665771484375,322.13665771484375,78595500.0,0.1182995850622406
315.0,322.13665771484375,310.0,319.5033264160156,319.5033264160156,70806300.0,0.07207204081632654
317.7366638183594,326.25,309.4166564941406,325.3299865722656,325.3299865722656,75169200.0,0.15867002141327613
331.5,331.6600036621094,307.2833251953125,308.97332763671875,308.97332763671875,82771500.0,0.1217298507462687
304.92333984375,320.2200012207031,303.0133361816406,310.8566589355469,310.8566589355469,100437300.0,0.19871094736842093
303.5666809082031,307.2300109863281,297.7966613769531,299.9800109863281,299.9800109863281,56480100.0,0.14415911949685517
305.6233215332031,313.1666564941406,295.3733215332031,312.84332275390625,312.84332275390625,71517900.0,0.14585580357142844
321.88665771484375,338.5533447265625,319.01666259765625,336.2900085449219,336.2900085449219,93634200.0,0.1691283842794758
335.6000061035156,357.6600036621094,332.5199890136719,355.6666564941406,355.6666564941406,92713200.0,0.2046387234042551
,,,,,,0.1810749999999999
357.8900146484375,372.3333435058594,356.90667724609375,364.6466674804688,364.6466674804688,71145900.0,0.1932912017167381
369.8299865722656,373.0,359.47332763671875,362.8233337402344,362.8233337402344,60324000.0,0.16197044025157234
366.21331787109375,368.0,354.71331787109375,362.0633239746094,362.0633239746094,56154000.0,0.17054131868131853
353.77667236328125,365.1833190917969,351.04998779296875,356.7799987792969,356.7799987792969,47040900.0,0.15655394190871372
357.8133239746094,360.6666564941406,351.5299987792969,352.260009765625,352.260009765625,40733700.0,0.20207530612244826
382.5833435058594,400.3566589355469,378.67999267578125,399.9266662597656,399.9266662597656,103931400.0,0.19821108786610894
396.51666259765625,402.6666564941406,374.3500061035156,383.1966552734375,383.1966552734375,100248300.0,0.14170721649484527
382.2166748046875,390.11334228515625,360.336669921875,362.7066650390625,362.7066650390625,80119800.0,0.01841630901287553
359.0,362.6666564941406,340.1666564941406,354.8999938964844,354.8999938964844,90336600.0,0.13822068965517245
360.1233215332031,360.30999755859375,336.6666564941406,342.32000732421875,342.32000732421875,84164700.0,0.20104605263157874
333.3333435058594,353.0333251953125,326.6666564941406,352.7066650390625,352.7066650390625,91815000.0,0.17713256784968637
351.22332763671875,358.6166687011719,346.2733459472656,354.79998779296875,354.79998779296875,66063300.0,0.18025687103594049
359.6166687011719,371.61334228515625,357.5299987792969,368.739990234375,368.739990234375,83739000.0,0.019251851851851833
369.6900024414063,371.8666687011719,342.17999267578125,343.85333251953125,343.85333251953125,97209900.0,0.032621016166281734
339.9599914550781,350.6666564941406,337.7933349609375,349.8699951171875,349.8699951171875,72924300.0,0.11504642032332557
,,,,,,0.11580999999999993
342.2033386230469,356.92999267578125,338.6866760253906,343.5033264160156,343.5033264160156,66743400.0,0.12907872340425514
347.2366638183594,351.5566711425781,331.6666564941406,331.8833312988281,331.8833312988281,75442500.0,0.08058340517241377
336.57666015625,347.2200012207031,331.3333435058594,332.0899963378906,332.0899963378906,70488600.0,0.07497192224622025
332.11334228515625,334.8500061035156,313.5,314.6333312988281,314.6333312988281,103416000.0,0.09036206896551714
301.586669921875,311.1700134277344,283.8233337402344,310.0,310.0,151565700.0,0.12970757575757563
304.73333740234375,317.086669921875,301.07000732421875,306.1333312988281,306.1333312988281,86595900.0,0.17273438202247182
317.4766540527344,329.2300109863281,302.0,312.4700012207031,312.4700012207031,104867400.0,0.17992142857142845
311.1199951171875,311.7966613769531,276.33334350585943,276.36666870117193,276.36666870117193,147109500.0,0.07986118421052633
277.18667602539057,285.8333435058594,264.00332641601557,282.1166687011719,282.1166687011719,134789100.0,0.22119803921568582
290.9033203125,312.663330078125,287.3500061035156,312.239990234375,312.239990234375,104436000.0,0.19744514767932464
311.7366638183594,314.5666809082031,301.6666564941406,310.4166564941406,310.4166564941406,73138200.0,0.07408517699115037
309.3933410644531,310.5,296.4700012207031,301.88665771484375,301.88665771484375,66792900.0,0.1126372591006423
294.0,312.3333435058594,293.50665283203125,297.0466613769531,297.0466613769531,78855600.0,0.0981628635346756
299.0733337402344,312.1666564941406,293.72332763671875,307.7733459472656,307.7733459472656,73625400.0,0.16218967032967035
307.92999267578125,315.92333984375,300.9033203125,302.4466552734375,302.4466552734375,60994500.0,0.06900110497237569
301.84332275390625,308.7633361816406,298.26666259765625,307.3333435058594,307.3333435058594,50729100.0,0.20575173913043474
311.6666564941406,315.42333984375,306.6666564941406,310.6666564941406,310.6666564941406,52259400.0,0.14351999999999993
302.7900085449219,314.60333251953125,298.8999938964844,301.51666259765625,301.51666259765625,66126900.0,0.12807176724137914
303.2099914550781,305.32000732421875,283.5666809082031,286.6666564941406,286.6666564941406,79645800.0,0.17155578947368416
287.19000244140625,299.6266784667969,284.3833312988281,291.9200134277344,291.9200134277344,67756500.0,0.26868434237995753
300.0,307.6666564941406,297.7933349609375,307.4766540527344,307.4766540527344,57286200.0,0.22887688888888874
304.6833190917969,308.80999755859375,300.4033203125,307.7966613769531,307.7966613769531,51294300.0,0.2231718954248363
304.4200134277344,306.1666564941406,291.3666687011719,292.1166687011719,292.1166687011719,55178400.0,0.15517353579175694
295.3333435058594,295.6233215332031,279.20333862304693,285.6600036621094,285.6600036621094,68501700.0,0.1528768398268399
,,,,,,0.12440534188034176
278.0433349609375,285.57666015625,267.0333251953125,273.84332275390625,273.84332275390625,83288100.0,0.06412884615384631
276.8099975585937,278.43331909179693,253.5200042724609,254.67999267578125,254.67999267578125,95256900.0,0.08863451882845187
233.4633331298828,267.49334716796875,233.3333282470703,266.92333984375,266.92333984375,135322200.0,0.12648290398126455
269.74334716796875,273.16665649414057,260.79998779296875,269.9566650390625,269.9566650390625,76067700.0,0.19402256637168097
271.67001342773443,292.28668212890625,271.57000732421875,290.1433410644531,290.1433410644531,99006900.0,0.14002558635394438
289.8933410644531,296.6266784667969,284.59332275390625,288.1233215332031,288.1233215332031,74766900.0,0.1706471092077086
290.7099914550781,295.49334716796875,281.42333984375,293.2966613769531,293.2966613769531,74643300.0,0.11306059322033897
292.92333984375,295.4800109863281,277.5333251953125,279.76333618164057,279.76333618164057,61623600.0,0.15261031578947376
283.0333251953125,285.2166748046875,275.0533447265625,279.42999267578125,279.42999267578125,66999600.0,0.20186374999999993
285.4333190917969,288.71331787109375,268.19000244140625,268.19332885742193,268.19332885742193,72494100.0,0.18112379958246402
265.17666625976557,283.3299865722656,260.72332763671875,274.79998779296875,274.79998779296875,80399100.0,0.15774191489361697
279.82666015625,286.85333251953125,277.336669921875,286.3233337402344,286.3233337402344,59184000.0,0.1380706666666666
283.8166809082031,284.8166809082031,270.1199951171875,279.43331909179693,279.43331909179693,58648500.0,0.16039563318777283
280.06668090820307,281.26666259765625,264.58999633789057,265.11666870117193,265.11666870117193,67037100.0,0.10871200923787527
260.20333862304693,266.89999389648443,252.01333618164062,255.4566650390625,255.4566650390625,71152200.0,0.0939866807610993
258.42333984375,268.52334594726557,252.19000244140625,267.29666137695307,267.29666137695307,66841200.0,0.10626575963718819
269.66665649414057,280.66665649414057,267.42001342773443,280.07666015625,280.07666015625,84028800.0,0.13878933333333332
276.99667358398443,291.6666564941406,275.239990234375,290.5333251953125,290.5333251953125,66582900.0,0.15533066954643623
291.4966735839844,302.6166687011719,289.1300048828125,301.7966613769531,301.7966613769531,100414200.0,0.20201688596491219
304.99334716796875,314.2833251953125,302.36334228515625,307.0533447265625,307.0533447265625,81981600.0,0.14568264642082415
310.0,332.6199951171875,307.25,331.32666015625,331.32666015625,105868500.0,0.15137719665271956
326.64666748046875,346.8999938964844,325.4666748046875,333.03668212890625,333.03668212890625,120676200.0,0.1433816666666667
336.57666015625,341.4966735839844,329.6000061035156,337.97332763671875,337.97332763671875,68920800.0,0.23917602905569
336.0,340.6000061035156,332.44000244140625,336.8800048828125,336.8800048828125,62031600.0,0.15259012605041994
355.0333251953125,365.9599914550781,351.20001220703125,363.9466552734375,363.9466552734375,102506100.0,0.15284066390041479
369.3299865722656,371.5899963378906,357.7033386230469,366.5233459472656,366.5233459472656,73614900.0,0.24158093306288211
363.7233276367188,371.3166809082031,361.3333435058594,364.663330078125,364.663330078125,59865000.0,0.24378704103671894
364.8566589355469,367.71331787109375,358.8800048828125,359.20001220703125,359.20001220703125,48992700.0,0.14100475206611568
360.3833312988281,364.9166564941406,355.5466613769531,361.5299987792969,361.5299987792969,54263100.0,0.18665752808988756
363.1266784667969,383.3033447265625,357.510009765625,381.8166809082031,381.8166809082031,82035900.0,0.16575578512396671
378.76666259765625,384.2900085449219,362.4333190917969,363.7533264160156,363.7533264160156,80075100.0,0.12760351239669415
357.8233337402344,359.6666564941406,342.5666809082031,348.586669921875,348.586669921875,89348400.0,0.1293380658436213
350.7966613769531,358.86334228515625,340.5133361816406,352.4200134277344,352.4200134277344,79447200.0,0.13473199999999996
347.7366638183594,349.4800109863281,340.8133239746094,341.8299865722656,341.8299865722656,55013700.0,0.1320478902953587
326.79998779296875,336.15667724609375,324.8800048828125,325.30999755859375,325.30999755859375,59357100.0,0.1558010460251045
332.5466613769531,340.39666748046875,325.5333251953125,328.98333740234375,328.98333740234375,65976000.0,0.1278617204301075
327.02667236328125,342.0799865722656,324.3666687011719,340.7900085449219,340.7900085449219,55121100.0,0.14706742268041229
333.0966796875,337.57000732421875,327.39666748046875,328.3333435058594,328.3333435058594,58422300.0,0.10093775933609947
,,,,,,0.19738827160493813
329.6766662597656,338.3066711425781,324.4700012207031,334.7633361816406,334.7633361816406,51715200.0,0.17472784552845502
335.0199890136719,344.9800109863281,331.77667236328125,342.7166748046875,342.7166748046875,49847700.0,0.11848770491803254
343.3333435058594,344.6666564941406,325.0833435058594,325.73333740234375,325.73333740234375,70711200.0,0.13537606490872212
358.24334716796875,364.0733337402344,332.1400146484375,336.260009765625,336.260009765625,105416400.0,0.12141717791411039
338.3033447265625,344.95001220703125,331.3333435058594,335.01666259765625,335.01666259765625,69696600.0,0.13742104166666655
326.3233337402344,336.2066650390625,325.1000061035156,332.67333984375,332.67333984375,68341200.0,0.2316504081632647
331.80999755859375,333.3333435058594,291.6666564941406,292.1400146484375,292.1400146484375,136133700.0,0.11303232323232316
299.52667236328125,306.0,292.4533386230469,293.836669921875,293.836669921875,76956300.0,0.24727180527383277
299.99334716796875,300.0,273.89999389648443,292.5033264160156,292.5033264160156,124948500.0,0.12069550102249468
300.75,311.4666748046875,290.0,290.2533264160156,290.2533264160156,88133100.0,0.1582034623217921
286.92333984375,302.1199951171875,282.6766662597656,300.9800109863281,300.9800109863281,75781500.0,0.14535525773195865
301.05999755859375,308.02667236328125,296.1966552734375,303.0833435058594,303.0833435058594,63709500.0,0.18485811623246495
301.3133239746094,318.5,295.09332275390625,317.5400085449219,317.5400085449219,81643800.0,0.21842413087934587
313.00665283203125,315.20001220703125,285.8999938964844,291.09332275390625,291.09332275390625,92519100.0,0.12977267206477724
295.6666564941406,296.0,281.03668212890625,288.54998779296875,288.54998779296875,72903000.0,0.12877736625514394
278.81668090820307,281.8766784667969,260.38333129882807,262.3699951171875,262.3699951171875,90810300.0,0.12721571428571424
273.10333251953125,275.1199951171875,258.08334350585943,266.67999267578125,266.67999267578125,84401700.0,0.09781827515400403
265.0,269.92333984375,242.3999938964844,244.6666717529297,244.6666717529297,97224600.0,0.060738696537678216
233.6666717529297,253.22000122070312,226.6666717529297,242.6666717529297,242.6666717529297,140313000.0,0.022905165289256273
257.82666015625,262.45001220703125,250.52333068847656,256.52999877929693,256.52999877929693,92150700.0,0.09730777096114511
255.72000122070312,256.586669921875,239.69667053222656,241.4566650390625,241.4566650390625,86098500.0,0.11154739039665965
249.1199951171875,254.82666015625,242.9499969482422,253.8699951171875,253.8699951171875,80236200.0,0.12682938689217763
248.17333984375,253.5,233.60333251953125,236.60333251953125,236.60333251953125,87811800.0,0.055732719836400886
235.6666717529297,244.6666717529297,231.3699951171875,236.47332763671875,236.47332763671875,90296700.0,0.06309338842975208
237.9966735839844,240.52667236328125,211.0,221.3000030517578,221.3000030517578,144973200.0,0.13233795309168456
218.33999633789062,226.65333557128903,212.6866607666016,224.96665954589844,224.96665954589844,88903500.0,0.09937104166666669
217.8433380126953,217.97332763671875,206.85667419433597,209.3866729736328,209.3866729736328,89092500.0,0.0420168032786885
207.9499969482422,223.10667419433597,207.6699981689453,219.6000061035156,219.6000061035156,92139300.0,0.10585929752066109
220.47332763671875,239.5566711425781,217.8866729736328,235.91000366210938,235.91000366210938,106003200.0,0.17424491869918685
241.0833282470703,253.26666259765625,240.1766662597656,253.2100067138672,253.2100067138672,89295000.0,0.20164337349397563
,,,,,,0.15386480331262936
257.9466552734375,259.60000610351557,244.7433319091797,252.7533264160156,252.7533264160156,101914500.0,0.19508638211382112
251.72000122070312,257.32666015625,243.63999938964844,246.7899932861328,246.7899932861328,77247900.0,0.12206878850102669
244.1566619873047,264.20999145507807,242.0666656494141,258.33334350585943,258.33334350585943,93473100.0,0.14517125506072878
243.22666931152344,247.79666137695312,233.4166717529297,234.51666259765625,234.51666259765625,112393800.0,0.11329322381930183
244.35333251953125,244.86666870117188,234.3500061035156,238.27999877929688,238.27999877929688,84204600.0,0.14088452138492866
234.0,239.9966735839844,230.0933380126953,238.8866729736328,238.8866729736328,72808500.0,0.17118635437881863
240.086669921875,249.9633331298828,239.1766662597656,241.86666870117188,241.86666870117188,76210500.0,0.18839032921810706
249.33999633789062,255.54666137695312,239.32666015625,239.7066650390625,239.7066650390625,96491400.0,0.11792631578947367
235.1566619873047,239.5,227.913330078125,232.22999572753903,232.22999572753903,97536600.0,0.18301419878296135
223.1666717529297,226.6333312988281,214.68333435058597,215.73666381835938,215.73666381835938,102767400.0,0.1299327935222671
218.2866668701172,226.3300018310547,211.73666381835938,220.88999938964844,220.88999938964844,97988700.0,0.1387110187110186
220.9166717529297,235.663330078125,218.1499938964844,233.0,233.0,119131800.0,0.1834696356275302
222.73666381835938,225.1666717529297,208.69332885742188,213.1000061035156,213.1000061035156,107390700.0,0.16219752066115695
213.43333435058597,220.97000122070312,213.19667053222656,216.75999450683597,216.75999450683597,92641800.0,0.07997983014861997
,,,,,,0.13523788819875773
224.60333251953125,243.57666015625,224.3333282470703,237.0366668701172,237.0366668701172,122793000.0,0.13039395161290332
234.5033264160156,246.8333282470703,233.82666015625,236.086669921875,236.086669921875,101107500.0,0.076420245398773
237.9066619873047,239.3166656494141,228.6366729736328,235.07000732421875,235.07000732421875,104202600.0,0.26423589211618176
237.47000122070312,246.0666656494141,236.086669921875,245.7066650390625,245.7066650390625,95770800.0,0.16070167364016738
249.36666870117188,252.07000732421875,242.5666656494141,244.9199981689453,244.9199981689453,89178300.0,0.16473621730382282
244.48333740234372,249.97000122070312,232.3433380126953,232.663330078125,232.663330078125,90391200.0,0.16485938144329867
230.5,231.17333984375,222.27333068847656,228.4900054931641,228.4900054931641,82897200.0,0.1309020449897751
224.50999450683597,229.4566650390625,218.8633270263672,224.47332763671875,224.47332763671875,94600500.0,0.06613809523809519
227.0,230.22999572753903,222.1199951171875,227.26333618164062,227.26333618164062,74460300.0,0.158396957403651
,,,,,,0.126719341563786
223.0,233.14666748046875,216.1666717529297,233.0666656494141,233.0666656494141,84581100.0,0.1685316770186333
230.77999877929688,234.56333923339844,227.1866607666016,231.73333740234372,231.73333740234372,71853600.0,0.13876985743380835
233.9199981689453,245.3633270263672,232.2100067138672,244.5433349609375,244.5433349609375,81930600.0,0.09462387755102053
242.3333282470703,254.97999572753903,241.16000366210938,250.76333618164062,250.76333618164062,101854200.0,0.11098650306748466
252.10333251953125,253.06333923339844,233.6266632080078,234.3433380126953,234.3433380126953,99241200.0,0.12346402439024377
236.8466644287109,239.77333068847656,228.3699951171875,233.07000732421875,233.07000732421875,87930900.0,0.09217716701902749
225.5,242.05999755859372,225.0333404541016,237.0399932861328,237.0399932861328,97954500.0,0.11541061571125252
234.89666748046875,238.65333557128903,229.3333282470703,238.31333923339844,238.31333923339844,78557400.0,0.20204844720496895
240.0,243.6233367919922,236.88999938964844,240.0666656494141,240.0666656494141,69683100.0,0.11886714876033053
244.9366607666016,250.51666259765625,239.60333251953125,240.54666137695312,240.54666137695312,82537500.0,0.1132551934826884
245.0,247.13999938964844,236.97666931152344,245.52999877929688,245.52999877929688,80890200.0,0.12720708333333322
246.7833404541016,250.663330078125,243.48333740234372,247.5,247.5,88864200.0,0.08899898167006107
255.10667419433597,273.26666259765625,254.86666870117188,271.7066650390625,271.7066650390625,142032300.0,0.08975295315682275
276.22000122070307,280.78668212890625,270.7133178710937,272.24334716796875,272.24334716796875,103472700.0,0.10424214876033051
272.2166748046875,274.14666748046875,267.39999389648443,268.43331909179693,268.43331909179693,64073400.0,0.173300610997963
266.51333618164057,267.3099975585937,256.26333618164057,258.8599853515625,258.8599853515625,66820800.0,0.19308419958419945
263.8099975585937,275.92666625976557,261.79000854492193,274.82000732421875,274.82000732421875,88110000.0,0.10464508196721295
280.06668090820307,283.29998779296875,272.79998779296875,280.89999389648443,280.89999389648443,84723000.0,0.1400914634146339
280.70001220703125,298.32000732421875,279.10000610351557,297.1499938964844,297.1499938964844,95313000.0,0.49156008230452547
301.27667236328125,311.8766784667969,295.0,297.27667236328125,297.27667236328125,117042900.0,0.10391971544715449
294.0033264160156,307.8333435058594,292.6666564941406,300.586669921875,300.586669921875,95577600.0,0.16080432098765435
305.0,309.54998779296875,301.1499938964844,307.39666748046875,307.39666748046875,80091000.0,0.1952754166666665
311.0,313.6066589355469,305.0,308.6333312988281,308.6333312988281,72256200.0,0.21337842741935464
302.6700134277344,304.6066589355469,285.5433349609375,288.1700134277344,288.1700134277344,113172900.0,0.13554888438133866
295.0,305.20001220703125,289.086669921875,290.42333984375,290.42333984375,98994000.0,0.13277626774847864
290.2933349609375,292.39666748046875,279.35333251953125,283.3333435058594,283.3333435058594,86244600.0,-0.004818749999999983
297.0666809082031,297.510009765625,283.3699951171875,294.3566589355469,294.3566589355469,94918800.0,0.2247391038696531
296.5133361816406,298.2366638183594,285.8333435058594,286.6300048828125,286.6300048828125,70155000.0,0.16148515081206483
289.4166564941406,300.1600036621094,285.0333251953125,300.0299987792969,300.0299987792969,79657200.0,0.2420989878542504
301.78668212890625,313.1333312988281,301.2300109863281,309.32000732421875,309.32000732421875,89359200.0,0.16276016260162585
311.6666564941406,314.6666564941406,302.8833312988281,306.5633239746094,306.5633239746094,88136400.0,0.1163731557377048
303.39666748046875,309.65667724609375,300.0333251953125,303.9966735839844,303.9966735839844,68766000.0,0.1729898167006108
306.0,306.5,301.85333251953125,302.8699951171875,302.8699951171875,47500500.0,0.1516885480572597
299.0,300.3599853515625,292.5,296.6666564941406,296.6666564941406,61395300.0,0.18245555555555512
291.913330078125,292.3999938964844,286.2966613769531,289.913330078125,289.913330078125,55843200.0,0.15463619631901818
291.4533386230469,298.82666015625,287.92333984375,296.4533386230469,296.4533386230469,63984900.0,0.1619865263157894
297.5633239746094,303.64666748046875,296.5,297.0966796875,297.0966796875,57259800.0,0.13571038696537685
302.3599853515625,302.9599914550781,291.6000061035156,296.07000732421875,296.07000732421875,53230000.0,0.19637842323651414
297.42999267578125,302.0,287.4700012207031,288.0899963378906,288.0899963378906,57163900.0,0.19158802521008406
282.8299865722656,287.739990234375,280.70001220703125,284.82000732421875,284.82000732421875,41864700.0,0.13834409937888184
287.8699951171875,288.4800109863281,272.64999389648443,277.70001220703125,277.70001220703125,50541800.0,0.1428293032786885
280.6199951171875,281.25,271.8099975585937,275.6099853515625,275.6099853515625,52107300.0,0.14315631262525036
272.57998657226557,277.57998657226557,266.14999389648443,277.16000366210943,277.16000366210943,54287000.0,0.16360164271047217
281.07000732421875,282.3500061035156,269.07998657226557,270.20999145507807,270.20999145507807,50752200.0,0.21051612903225778
,,,,,,0.1561068686868684
272.67999267578125,275.989990234375,265.739990234375,274.42001342773443,274.42001342773443,55860000.0,0.11481565040650407
273.10000610351557,283.8399963378906,272.26998901367193,283.70001220703125,283.70001220703125,50028900.0,0.20841544715447186
281.29998779296875,289.5,279.760009765625,289.260009765625,289.260009765625,53713100.0,0.17132249999999993
291.6700134277344,299.8500061035156,291.25,299.67999267578125,299.67999267578125,54338100.0,0.20574849094567388
300.7200012207031,305.489990234375,300.3999938964844,304.4200134277344,304.4200134277344,48674600.0,0.12135104166666667
292.8999938964844,297.3999938964844,290.3999938964844,292.1300048828125,292.1300048828125,68229600.0,0.2553416666666664
292.239990234375,306.0,291.6400146484375,302.6099853515625,302.6099853515625,72628700.0,0.19345801687763672
301.8299865722656,309.1199951171875,300.7200012207031,303.75,303.75,64795500.0,0.08617160493827157
299.6099853515625,303.7099914550781,295.6000061035156,303.3500061035156,303.3500061035156,86949500.0,0.23405042016806704
300.0899963378906,309.8399963378906,297.79998779296875,309.07000732421875,309.07000732421875,60231200.0,0.14897811816192544
306.9100036621094,313.3299865722656,305.5799865722656,308.7300109863281,308.7300109863281,61642800.0,0.08505803757828805
308.2900085449219,313.79998779296875,300.6300048828125,300.79998779296875,300.79998779296875,62555700.0,0.1582967032967031
299.8599853515625,301.2900085449219,285.82000732421875,288.5899963378906,288.5899963378906,70545400.0,0.15892575107296128
283.0899963378906,284.5,272.82000732421875,275.32998657226557,275.32998657226557,63615400.0,0.20211862955032103
271.82998657226557,284.0899963378906,270.3099975585937,276.010009765625,276.010009765625,58076900.0,0.23059938016528903
283.8399963378906,288.6700134277344,277.510009765625,282.94000244140625,282.94000244140625,61925200.0,0.12387151639344256
283.0799865722656,289.0,277.57000732421875,287.80999755859375,287.80999755859375,54664800.0,0.16613926380368071
282.760009765625,283.6499938964844,265.77999877929693,268.20999145507807,268.20999145507807,77620600.0,0.1726601239669419
266.14999389648443,275.57000732421875,262.47000122070307,265.25,265.25,67517800.0,0.14842120582120574
254.5,255.16000366210938,241.00999450683597,242.3999938964844,242.3999938964844,98363500.0,0.1046725531914894
250.5200042724609,257.5,242.00999450683597,249.44000244140625,249.44000244140625,109578500.0,0.17861370143149277
245.00999450683597,246.6699981689453,233.2700042724609,240.80999755859372,240.80999755859372,86982700.0,0.16642593360995814
239.44000244140625,244.5800018310547,235.3500061035156,238.1300048828125,238.1300048828125,69298400.0,0.18707254098360646
233.94000244140625,234.57000732421875,222.0200042724609,223.07000732421875,223.07000732421875,83592300.0,0.14140124481327787
223.92999267578125,226.9900054931641,218.3600006103516,222.9600067138672,222.9600067138672,67925000.0,0.08304012345679004
220.9499969482422,225.75,215.0,216.5,216.5,77013200.0,0.07809051546391747
215.3300018310547,219.3000030517578,211.50999450683597,217.2400054931641,217.2400054931641,66860700.0,0.09250691056910568
208.3000030517578,222.9900054931641,206.22000122070312,221.72000122070312,221.72000122070312,91483000.0,0.05309010309278354
224.00999450683597,226.25999450683597,204.16000366210938,204.9900054931641,204.9900054931641,93898700.0,0.1736473140495865
210.0399932861328,221.8600006103516,209.4499969482422,219.3500061035156,219.3500061035156,79428800.0,0.12585887265135678
229.5,229.82000732421875,217.25,220.19000244140625,220.19000244140625,75891900.0,0.13116761133603227
219.8000030517578,222.92999267578125,217.77999877929688,222.0399932861328,222.0399932861328,66571500.0,0.2469454926624735
208.27999877929688,215.5500030517578,202.0,207.27999877929688,207.27999877929688,117798100.0,0.1736026530612242
206.4199981689453,214.66000366210938,203.8000030517578,214.44000244140625,214.44000244140625,75529300.0,0.19011042084168306
205.82000732421875,213.5,198.58999633789062,211.25,211.25,100446800.0,0.10298514056224896
210.1000061035156,224.3500061035156,210.0,222.4199981689453,222.4199981689453,96507900.0,0.14525522088353401
219.3999938964844,230.6000061035156,218.1999969482422,224.63999938964844,224.63999938964844,85012500.0,0.12183393574297188
,,,,,,0.204876578411405
