Open,High,Low,Close,Adj Close,Volume,compound
278.04998779296875,285.75,277.35000610351557,281.8599853515625,281.8599853515625,6248400.0,0.22383564593301394
281.8699951171875,284.4100036621094,277.54998779296875,281.20999145507807,281.20999145507807,4356200.0,0.18337133891213367
284.3399963378906,293.489990234375,283.0,291.45001220703125,291.45001220703125,9345600.0,0.17747754237288133
291.0,291.45001220703125,284.7799987792969,287.4100036621094,287.4100036621094,5090000.0,0.15780666666666648
288.70001220703125,289.1199951171875,283.0199890136719,286.80999755859375,286.80999755859375,5594300.0,0.14346948717948724
288.0,295.3900146484375,287.1600036621094,292.8599853515625,292.8599853515625,5566200.0,0.1655621693121694
289.989990234375,291.19000244140625,286.30999755859375,288.0299987792969,288.0299987792969,4062400.0,0.23262698795180708
288.19000244140625,290.55999755859375,285.8399963378906,288.5899963378906,288.5899963378906,3438300.0,0.21684975961538452
290.70001220703125,298.19000244140625,288.2699890136719,289.57000732421875,289.57000732421875,5928500.0,0.1421103375527425
288.7300109863281,293.989990234375,287.510009765625,291.57000732421875,291.57000732421875,4509000.0,0.1848549019607844
289.1600036621094,296.3599853515625,288.5,294.17999267578125,294.17999267578125,3944300.0,0.17032544378698228
295.32000732421875,295.3500061035156,288.70001220703125,292.010009765625,292.010009765625,5772800.0,0.13882300683371313
291.0299987792969,293.4100036621094,281.1400146484375,283.1099853515625,283.1099853515625,9158900.0,0.11314424778761054
283.25,290.6300048828125,283.2200012207031,289.6199951171875,289.6199951171875,6529000.0,0.15810399061032848
290.5899963378906,295.82000732421875,287.57000732421875,295.0299987792969,295.0299987792969,6333800.0,0.1291936218678815
296.0,304.989990234375,293.2799987792969,302.57000732421875,302.57000732421875,8616600.0,0.17811512415349873
304.010009765625,305.6700134277344,298.5199890136719,302.6000061035156,302.6000061035156,5918000.0,0.15313982869378998
301.010009765625,308.25,301.0,305.1600036621094,305.1600036621094,5111800.0,0.14592891304347827
306.0,312.69000244140625,304.260009765625,311.69000244140625,311.69000244140625,7488400.0,0.1286767295597483
309.1000061035156,311.3999938964844,304.4100036621094,310.4800109863281,310.4800109863281,5970100.0,0.1951663736263734
308.8299865722656,315.7300109863281,305.25,315.54998779296875,315.54998779296875,7873900.0,0.14602419006479467
315.0,316.5,311.69000244140625,312.489990234375,312.489990234375,5321000.0,0.16905586956521723
313.92999267578125,316.82000732421875,312.75,315.92999267578125,315.92999267578125,4096900.0,0.13090648769574942
,,,,,,0.23338744769874478
315.7799987792969,316.6199951171875,313.3399963378906,314.6600036621094,314.6600036621094,2411700.0,0.2105490506329114
314.3900146484375,314.3900146484375,303.75,309.989990234375,309.989990234375,6218800.0,0.18246004273504263
302.2200012207031,307.3599853515625,301.8800048828125,306.1600036621094,306.1600036621094,4992800.0,0.149541133004926
308.42999267578125,308.42999267578125,303.2699890136719,304.32000732421875,304.32000732421875,3512100.0,0.15205702005730665
305.2699890136719,306.4800109863281,298.80999755859375,302.8599853515625,302.8599853515625,4615500.0,0.12681065573770495
304.70001220703125,307.8500061035156,302.6000061035156,307.3500061035156,307.3500061035156,4457800.0,0.11002233250620357
307.3500061035156,311.489990234375,302.44000244140625,302.5,302.5,5748400.0,0.16368728448275868
296.1199951171875,298.94000244140625,292.0199890136719,293.1199951171875,293.1199951171875,10476100.0,0.0974557939914163
294.489990234375,299.42999267578125,294.20001220703125,298.92999267578125,298.92999267578125,5589800.0,0.11309526881720433
295.6700134277344,299.1700134277344,295.05999755859375,298.44000244140625,298.44000244140625,4766600.0,0.12034466230936815
298.5,301.79998779296875,297.25,298.5,298.5,3879700.0,0.18457204819277093
300.8500061035156,305.7099914550781,298.6300048828125,304.2099914550781,304.2099914550781,4658900.0,0.2096984815618219
307.3599853515625,316.79998779296875,306.6000061035156,315.4800109863281,315.4800109863281,10427100.0,0.1933105855855854
316.260009765625,325.3599853515625,315.6000061035156,320.79998779296875,320.79998779296875,11207400.0,0.20593541202672574
324.5,332.8299865722656,324.17999267578125,332.2200012207031,332.2200012207031,9822300.0,0.2105309050772623
335.0,338.0,330.6000061035156,336.8999938964844,336.8999938964844,9914900.0,0.20360515021459216
337.760009765625,337.95001220703125,331.0199890136719,333.1000061035156,333.1000061035156,5765300.0,0.14723275109170292
334.010009765625,335.70001220703125,331.6000061035156,333.20001220703125,333.20001220703125,2019300.0,0.15951658878504674
,,,,,,0.2515590062111801
334.6000061035156,336.4599914550781,332.010009765625,332.6300048828125,332.6300048828125,3589900.0,0.2035176211453744
332.9599914550781,333.82000732421875,326.010009765625,329.0899963378906,329.0899963378906,5036100.0,0.20360629213483153
329.0799865722656,329.19000244140625,322.8599853515625,323.30999755859375,323.30999755859375,4311500.0,0.23118183807439827
322.0,324.9200134277344,321.0899963378906,323.57000732421875,323.57000732421875,3713300.0,0.14800962800875261
,,,,,,0.26223203463203465
326.1000061035156,329.9800109863281,324.7799987792969,329.80999755859375,329.80999755859375,4485800.0,0.22128907922912186
326.7799987792969,329.8599853515625,325.5299987792969,325.8999938964844,325.8999938964844,3806900.0,0.09816535947712408
323.1199951171875,336.3599853515625,321.20001220703125,335.8299865722656,335.8299865722656,5663100.0,0.19719374999999967
336.4700012207031,336.70001220703125,330.29998779296875,330.75,330.75,4703200.0,0.19771538461538418
331.489990234375,342.70001220703125,331.04998779296875,339.260009765625,339.260009765625,7104500.0,0.1742938428874732
342.0,343.4200134277344,334.6099853515625,335.6600036621094,335.6600036621094,4709300.0,0.1294555555555554
337.1300048828125,338.5,327.2699890136719,329.04998779296875,329.04998779296875,4718300.0,0.15056478260869563
331.79998779296875,340.8500061035156,331.510009765625,338.9200134277344,338.9200134277344,6290000.0,0.22872717622080638
344.3999938964844,345.3800048828125,335.5199890136719,338.69000244140625,338.69000244140625,7199400.0,0.1631299776286353
338.67999267578125,343.1700134277344,336.6000061035156,339.07000732421875,339.07000732421875,5158000.0,0.17673002207505523
343.5,343.55999755859375,335.8500061035156,338.6199951171875,338.6199951171875,5016000.0,0.1995042735042733
341.0,341.57000732421875,337.3800048828125,339.6700134277344,339.6700134277344,6066500.0,0.1418754756871036
,,,,,,0.18736401869158836
340.0,341.0,332.5899963378906,338.1099853515625,338.1099853515625,14350300.0,0.0701957399103139
332.54998779296875,336.29998779296875,323.6000061035156,326.0,326.0,21730000.0,0.15765978260869545
326.0400085449219,349.8800048828125,325.010009765625,349.6000061035156,349.6000061035156,18200300.0,0.2112671806167399
348.4599914550781,359.8500061035156,345.8800048828125,353.1600036621094,353.1600036621094,17939700.0,0.13705769230769213
345.95001220703125,351.8999938964844,341.0199890136719,342.8800048828125,342.8800048828125,7709500.0,0.11232013729977124
345.8800048828125,352.3999938964844,342.7799987792969,348.5199890136719,348.5199890136719,6821600.0,0.15610153846153849
349.0,349.3999938964844,338.54998779296875,343.1600036621094,343.1600036621094,7643500.0,0.1224386462882097
341.1000061035156,348.20001220703125,339.25,347.739990234375,347.739990234375,5328100.0,0.15868203991130822
347.3900146484375,347.3900146484375,340.9800109863281,345.0899963378906,345.0899963378906,5230000.0,0.18723241379310343
347.239990234375,359.6300048828125,346.2799987792969,358.0,358.0,6670600.0,0.24529366812227024
361.0,369.5700073242188,356.1000061035156,369.010009765625,369.010009765625,7161500.0,0.18304804347826073
375.1300048828125,375.25,362.2999877929688,369.6700134277344,369.6700134277344,6437000.0,0.19846286353467543
369.6000061035156,371.5499877929688,362.510009765625,366.95001220703125,366.95001220703125,3920400.0,0.18481103752759373
365.0400085449219,371.7999877929688,363.5700073242188,366.7699890136719,366.7699890136719,4385200.0,0.17694358407079633
365.0,374.7999877929688,362.5199890136719,371.0700073242188,371.0700073242188,5294100.0,0.16559082352941165
373.75,378.1099853515625,369.7200012207031,373.6900024414063,373.6900024414063,4772900.0,0.13472352941176455
377.17999267578125,380.6199951171875,375.8800048828125,380.010009765625,380.010009765625,4624800.0,0.1514143507972663
376.9599914550781,385.3699951171875,376.510009765625,381.3999938964844,381.3999938964844,4485400.0,0.13557192575406019
381.4700012207031,385.1499938964844,379.42999267578125,380.3999938964844,380.3999938964844,3736300.0,0.20421731707317037
,,,,,,0.1729276752767528
379.2999877929688,389.5400085449219,379.1900024414063,387.7799987792969,387.7799987792969,5173900.0,0.14737106598984753
388.1199951171875,392.95001220703125,384.8999938964844,386.1900024414063,386.1900024414063,4896400.0,0.18655940298507437
386.55999755859375,389.70001220703125,376.67999267578125,386.0,386.0,4079400.0,0.13511570438799073
385.3299865722656,387.3200073242188,377.8999938964844,380.0700073242188,380.0700073242188,3930100.0,0.15942038216560472
364.760009765625,372.8200073242188,361.0,368.70001220703125,368.70001220703125,6936400.0,0.09638651685393253
372.0,375.6499938964844,357.7200012207031,360.0899963378906,360.0899963378906,6481200.0,0.12006249999999992
366.30999755859375,382.0,365.0,379.239990234375,379.239990234375,8934100.0,0.12874111111111092
371.4599914550781,391.55999755859375,370.6000061035156,371.7099914550781,371.7099914550781,10967700.0,0.0937301176470588
364.2099914550781,376.7699890136719,356.79998779296875,369.0299987792969,369.0299987792969,11168600.0,0.15722068181818183
373.1099853515625,381.3599853515625,364.5,381.0499877929688,381.0499877929688,6997900.0,0.16214811320754716
381.0299987792969,393.5199890136719,367.3999938964844,368.7699890136719,368.7699890136719,8364600.0,0.1478288248337028
377.7699890136719,384.010009765625,370.510009765625,383.7900085449219,383.7900085449219,5487300.0,0.1346916473317865
381.0,391.3999938964844,368.6400146484375,372.7799987792969,372.7799987792969,8747000.0,0.09155915178571425
367.70001220703125,371.30999755859375,356.8500061035156,368.9700012207031,368.9700012207031,8147200.0,0.12243264367816092
343.8599853515625,357.4700012207031,341.7200012207031,346.489990234375,346.489990234375,7405500.0,0.14473724137931024
356.42999267578125,364.5400085449219,347.8500061035156,364.1300048828125,364.1300048828125,7604400.0,0.06824080717488791
358.9200134277344,362.9800109863281,344.7900085449219,349.9200134277344,349.9200134277344,6036000.0,0.12905928571428538
326.5,335.7200012207031,307.32000732421875,315.25,315.25,12071600.0,0.0683639821029083
330.510009765625,336.4200134277344,307.3900146484375,336.29998779296875,336.29998779296875,9458200.0,0.13178229885057471
306.6300048828125,334.3500061035156,294.75,298.8399963378906,298.8399963378906,10559900.0,0.08640938215102967
306.19000244140625,322.8999938964844,290.25,319.75,319.75,10013900.0,0.0972626931567328
302.3999938964844,331.5799865722656,300.0,315.4700012207031,315.4700012207031,12593600.0,0.14580712742980556
324.3299865722656,348.510009765625,316.82000732421875,332.0299987792969,332.0299987792969,10616000.0,0.04948179824561408
342.30999755859375,350.489990234375,332.0,332.8299865722656,332.8299865722656,10853800.0,0.11676722090261275
347.8900146484375,366.1099853515625,340.8800048828125,360.2699890136719,360.2699890136719,13449400.0,0.16205765550239232
369.989990234375,372.92999267578125,353.0299987792969,357.32000732421875,357.32000732421875,11638700.0,0.1746092342342342
361.0199890136719,362.0,339.1700134277344,342.3900146484375,342.3900146484375,8767200.0,0.13001798245614052
344.0,363.8399963378906,341.7300109863281,362.989990234375,362.989990234375,7229600.0,0.1296736238532109
359.0899963378906,368.55999755859375,353.0,357.1199951171875,357.1199951171875,7948800.0,0.12127528868360272
363.0,377.7999877929688,361.1700134277344,370.9599914550781,370.9599914550781,8622000.0,0.15725799086757986
367.92999267578125,383.010009765625,366.4400024414063,375.5,375.5,9366500.0,0.12862558685445993
376.0499877929688,380.2300109863281,361.0199890136719,364.0799865722656,364.0799865722656,6672500.0,0.17404633027522917
364.0799865722656,370.989990234375,360.05999755859375,370.0799865722656,370.0799865722656,4592500.0,0.18219434389140238
367.4700012207031,370.8999938964844,357.510009765625,361.760009765625,361.760009765625,4860800.0,0.12156494117647071
365.2200012207031,380.2900085449219,361.7099914550781,379.9599914550781,379.9599914550781,8183900.0,0.16716725663716814
380.0,381.3299865722656,369.3399963378906,372.2799987792969,372.2799987792969,7046400.0,0.09130622317596561
374.010009765625,378.3900146484375,368.30999755859375,371.1199951171875,371.1199951171875,6908900.0,0.10389153674832957
371.05999755859375,372.1000061035156,363.0299987792969,370.7200012207031,370.7200012207031,7711300.0,0.14053556581986135
,,,,,,0.11822712550607287
371.30999755859375,400.510009765625,367.70001220703125,396.7200012207031,396.7200012207031,11692900.0,0.18681770334928233
397.5,417.8200073242188,394.8500061035156,413.5499877929688,413.5499877929688,11581000.0,0.1454853070175438
413.0,434.9800109863281,412.25,426.75,426.75,13561200.0,0.19514714285714277
437.0,449.5199890136719,431.6099853515625,439.1700134277344,439.1700134277344,16128700.0,0.14822129629629638
431.0,432.0,414.70001220703125,422.9599914550781,422.9599914550781,12616300.0,0.19519978070175412
435.1700134277344,444.489990234375,430.55999755859375,437.489990234375,437.489990234375,12655800.0,0.13553302752293592
444.7699890136719,447.0,425.6000061035156,433.8299865722656,433.8299865722656,23177600.0,0.1270369829683697
429.7300109863281,433.0,413.0,421.4200134277344,421.4200134277344,21084800.0,0.2361723595505615
419.260009765625,438.4100036621094,419.260009765625,426.70001220703125,426.70001220703125,13952300.0,0.14290884353741487
425.0,427.1700134277344,415.8800048828125,424.989990234375,424.989990234375,8658900.0,0.09778595641646483
425.0,429.0,420.8399963378906,421.3800048828125,421.3800048828125,6277500.0,0.18486866359446982
419.989990234375,421.0,402.9100036621094,403.8299865722656,403.8299865722656,10101200.0,0.10299815242494217
399.5299987792969,415.8599853515625,393.6000061035156,411.8900146484375,411.8900146484375,9693100.0,0.17836627634660407
410.30999755859375,424.4400024414063,408.0,419.8500061035156,419.8500061035156,7954000.0,0.16862924528301879
415.1000061035156,427.9700012207031,411.7300109863281,415.2699890136719,415.2699890136719,8299900.0,0.13113289183222956
417.7799987792969,428.5400085449219,414.8699951171875,428.1499938964844,428.1499938964844,7799100.0,0.21663506787330297
427.55999755859375,431.0,421.55999755859375,424.67999267578125,424.67999267578125,6286300.0,0.14724050343249417
429.2999877929688,439.7699890136719,426.3900146484375,434.260009765625,434.260009765625,6660700.0,0.15701655011655
436.8900146484375,438.8800048828125,430.6600036621094,436.5299987792969,436.5299987792969,5641900.0,0.15461067961165045
434.1400146484375,442.0,433.6400146484375,435.5499877929688,435.5499877929688,5049300.0,0.15344441805225642
436.3299865722656,444.8900146484375,435.55999755859375,440.5199890136719,440.5199890136719,5486000.0,0.18477321016166307
442.0,444.1700134277344,431.3599853515625,431.8200073242188,431.8200073242188,4598200.0,0.10244041570438783
435.6900024414063,447.0,427.2699890136719,438.2699890136719,438.2699890136719,7014600.0,0.16645576470588233
444.8999938964844,452.3800048828125,432.8200073242188,441.95001220703125,441.95001220703125,9007500.0,0.11708912529550818
440.70001220703125,455.0,437.510009765625,454.1900024414063,454.1900024414063,7244000.0,0.14219832134292565
451.1600036621094,456.3599853515625,443.3500061035156,452.5799865722656,452.5799865722656,7773500.0,0.16348689655172413
453.3999938964844,458.9700012207031,450.4700012207031,451.0400085449219,451.0400085449219,4810500.0,0.128438
454.25,455.80999755859375,444.0,447.6700134277344,447.6700134277344,5607300.0,0.08570155844155848
448.55999755859375,448.9599914550781,430.25,436.25,436.25,9117300.0,0.06187437641723356
437.0,439.0899963378906,427.17999267578125,429.3200073242188,429.3200073242188,5422300.0,0.14239392523364477
,,,,,,0.12755573394495393
427.7699890136719,428.5,413.1400146484375,414.7699890136719,414.7699890136719,7881100.0,0.15115833333333326
410.3800048828125,420.0199890136719,397.8599853515625,419.8900146484375,419.8900146484375,10446300.0,0.18585964912280703
417.239990234375,422.3699951171875,411.5,413.4400024414063,413.4400024414063,5655100.0,0.20695283018867885
417.4599914550781,420.2999877929688,411.8500061035156,419.7300109863281,419.7300109863281,5254900.0,0.2211295942720762
418.8299865722656,426.7200012207031,415.9800109863281,425.9200134277344,425.9200134277344,3743700.0,0.16810446009389654
425.8699951171875,427.5899963378906,419.4599914550781,427.30999755859375,427.30999755859375,3494800.0,0.09317696202531645
426.95001220703125,427.1000061035156,418.0499877929688,421.9700012207031,421.9700012207031,4316000.0,0.16657289293849636
422.3900146484375,428.7099914550781,410.0299987792969,414.3299865722656,414.3299865722656,5410500.0,0.14219526066350693
407.2900085449219,420.239990234375,404.25,419.6000061035156,419.6000061035156,5099600.0,0.17269927536231888
416.0,420.7999877929688,406.5,419.489990234375,419.489990234375,5851500.0,0.16949683257918535
421.6499938964844,434.7300109863281,420.30999755859375,434.0499877929688,434.0499877929688,6797000.0,0.18021662591687007
436.0,439.6900024414063,430.5499877929688,434.4800109863281,434.4800109863281,4896900.0,0.17293276699029123
428.20001220703125,445.5700073242188,424.1600036621094,425.55999755859375,425.55999755859375,7462900.0,0.14308813559322034
429.0,434.05999755859375,412.45001220703125,418.0700073242188,418.0700073242188,6461100.0,0.13203529411764708
421.3999938964844,426.489990234375,415.4200134277344,425.5,425.5,4467900.0,0.16441824324324314
425.760009765625,437.9599914550781,425.17999267578125,436.1300048828125,436.1300048828125,5507900.0,0.1635067114093958
441.8200073242188,450.4599914550781,439.2200012207031,447.7699890136719,447.7699890136719,6529600.0,0.16339324009324002
448.7300109863281,452.760009765625,442.7999877929688,449.8699951171875,449.8699951171875,4277600.0,0.12200374707259948
449.1199951171875,453.9700012207031,445.6000061035156,453.7200012207031,453.7200012207031,5934500.0,0.15361626213592236
455.010009765625,468.5899963378906,454.2099914550781,468.0400085449219,468.0400085449219,6272100.0,0.1794355450236965
466.5,474.010009765625,464.5,466.260009765625,466.260009765625,5948400.0,0.18630516853932594
468.5400085449219,472.3599853515625,454.0,457.8500061035156,457.8500061035156,4826200.0,0.1612158256880734
458.8599853515625,467.010009765625,454.0,465.9100036621094,465.9100036621094,4134500.0,0.17446912114014243
466.3900146484375,468.0299987792969,442.239990234375,443.3999938964844,443.3999938964844,6804700.0,0.15949880952380951
445.2300109863281,447.6700134277344,432.1400146484375,447.239990234375,447.239990234375,4844000.0,0.2021374407582938
450.0199890136719,457.5899963378906,447.0,455.0400085449219,455.0400085449219,4198500.0,0.23851360381861542
454.0,488.2300109863281,454.0,485.6400146484375,485.6400146484375,9705900.0,0.19243389423076934
485.6400146484375,492.2799987792969,475.5299987792969,476.8900146484375,476.8900146484375,6351500.0,0.280362331838567
,,,,,,0.2789709046454767
480.7699890136719,499.5,479.7999877929688,493.80999755859375,493.80999755859375,7839000.0,0.23591748251748226
497.30999755859375,504.8200073242188,490.8299865722656,493.1600036621094,493.1600036621094,5669900.0,0.15567848101265813
498.5799865722656,505.1000061035156,493.80999755859375,502.7799987792969,502.7799987792969,5691700.0,0.1845536036036035
508.3999938964844,510.0,495.7799987792969,507.760009765625,507.760009765625,5840500.0,0.2098974828375283
519.72998046875,555.8800048828125,511.2799987792969,548.72998046875,548.72998046875,21605600.0,0.2610857142857141
567.97998046875,575.3699951171875,520.9600219726561,525.5,525.5,18399000.0,0.14735360576923073
517.0800170898439,525.5,490.489990234375,524.8800048828125,524.8800048828125,15083300.0,0.15697172774869084
516.2999877929689,529.0,510.17999267578125,523.260009765625,523.260009765625,10066700.0,0.18039741602067155
526.47998046875,535.5399780273439,504.3599853515625,527.3900146484375,527.3900146484375,24499000.0,0.13983193069306937
494.8699951171875,503.5899963378906,484.1400146484375,492.989990234375,492.989990234375,24991400.0,0.154089168765743
489.1400146484375,504.5,484.20001220703125,502.4100036621094,502.4100036621094,11940300.0,0.27025815602836856
506.0,506.2200012207031,488.6099853515625,490.1000061035156,490.1000061035156,9113700.0,0.2117200945626472
492.1900024414063,497.20001220703125,487.20001220703125,489.8200073242188,489.8200073242188,6954100.0,0.28479619047619004
491.1300048828125,491.8999938964844,472.0199890136719,477.5799865722656,477.5799865722656,7722000.0,0.16668349753694575
468.7699890136719,487.1700134277344,467.5400085449219,480.45001220703125,480.45001220703125,7746200.0,0.20957336683417072
484.510009765625,496.9200134277344,482.30999755859375,495.6499938964844,495.6499938964844,7863100.0,0.2507007672634269
496.0199890136719,497.7900085449219,487.760009765625,488.510009765625,488.510009765625,5986700.0,0.19697812500000011
492.25,494.9200134277344,484.1300048828125,484.4800109863281,484.4800109863281,6611800.0,0.20990133630289476
480.7099914550781,488.3500061035156,477.510009765625,485.7999877929688,485.7999877929688,6608600.0,0.21915615763546756
488.2900085449219,494.7999877929688,484.5,488.8800048828125,488.8800048828125,5916300.0,0.2491704370179941
490.8599853515625,503.0899963378906,490.2300109863281,498.6199951171875,498.6199951171875,5873100.0,0.2784917874396137
498.6499938964844,510.4400024414063,498.6499938964844,509.6400146484375,509.6400146484375,5608000.0,0.2093465753424655
508.67999267578125,510.1000061035156,501.20001220703125,502.1099853515625,502.1099853515625,4308200.0,0.18732985781990474
504.1099853515625,510.8200073242188,498.70001220703125,509.0799865722656,509.0799865722656,3725900.0,0.2082229885057467
505.45001220703125,508.2900085449219,486.67999267578125,494.7300109863281,494.7300109863281,5910300.0,0.2145043037974684
493.3500061035156,497.4599914550781,478.6300048828125,483.3800048828125,483.3800048828125,4691200.0,0.17886846153846173
479.75,480.9200134277344,466.5499877929688,466.92999267578125,466.92999267578125,7329200.0,0.24020281030444945
471.3399963378906,482.489990234375,470.17999267578125,475.4700012207031,475.4700012207031,5439200.0,0.2267681055155871
478.3999938964844,484.45001220703125,476.45001220703125,481.3299865722656,481.3299865722656,3008900.0,0.24185461956521712
482.8200073242188,488.3299865722656,480.2099914550781,482.67999267578125,482.67999267578125,2943500.0,0.1811405128205127
484.1900024414063,486.239990234375,479.1000061035156,482.3500061035156,482.3500061035156,2423500.0,0.194527889447236
484.3500061035156,495.2999877929688,482.7999877929688,491.8699951171875,491.8699951171875,3505500.0,0.18097910798122058
493.92999267578125,494.5,483.5,484.5299987792969,484.5299987792969,3156200.0,0.1788004901960781
484.6900024414063,498.9400024414063,483.8900146484375,497.8999938964844,497.8999938964844,5132500.0,0.23389585492227932
496.4599914550781,498.1300048828125,490.0,492.30999755859375,492.30999755859375,3921300.0,0.28191937172774806
495.4400024414063,501.0,483.1600036621094,488.80999755859375,488.80999755859375,4762200.0,0.20176081081081057
488.1900024414063,492.4700012207031,485.0899963378906,490.5799865722656,490.5799865722656,5727700.0,0.1642744807121661
492.5,549.0399780273439,492.0799865722656,547.530029296875,547.530029296875,20373700.0,0.18208439153439135
537.780029296875,541.0,521.25,526.27001953125,526.27001953125,9062900.0,0.18389326923076912
532.0,539.0,522.0,523.8900146484375,523.8900146484375,4417500.0,0.17211807228915646
521.1599731445311,531.989990234375,517.5800170898439,529.5599975585939,529.5599975585939,4941400.0,0.2432016470588232
532.5999755859375,557.3900146484375,532.4500122070311,556.5499877929689,556.5499877929689,9572700.0,0.29159035294117625
553.780029296875,556.5,537.3699951171875,552.8400268554689,552.8400268554689,5886900.0,0.1502287058823527
545.0,554.0,521.3200073242189,525.75,525.75,9071100.0,0.23306630434782563
520.1799926757811,527.3599853515625,485.9800109863281,516.0499877929689,516.0499877929689,8270100.0,0.1837589812332437
,,,,,,0.24250026315789425
498.3999938964844,522.0,495.0,507.0199890136719,507.0199890136719,5572700.0,0.1879430809399477
519.2100219726561,520.0,492.5700073242188,500.1900024414063,500.1900024414063,6848100.0,0.1822581521739132
503.3500061035156,506.2900085449219,478.8399963378906,480.6700134277344,480.6700134277344,6240200.0,0.17940037037037046
486.489990234375,493.7300109863281,476.80999755859375,482.0299987792969,482.0299987792969,5035200.0,0.14731338199513375
480.6199951171875,488.989990234375,471.2999877929688,476.260009765625,476.260009765625,7359100.0,0.1839935096153846
484.0,497.4700012207031,481.6300048828125,495.989990234375,495.989990234375,5337000.0,0.12086921119592872
499.989990234375,504.6600036621094,483.30999755859375,483.8599853515625,483.8599853515625,4394900.0,0.20818727272727242
475.1600036621094,478.3999938964844,463.2699890136719,470.20001220703125,470.20001220703125,5379300.0,0.12318623376623361
472.510009765625,479.3999938964844,458.6000061035156,469.9599914550781,469.9599914550781,6717700.0,0.1308012345679012
467.6900024414063,487.7799987792969,466.3200073242188,487.3500061035156,487.3500061035156,5457500.0,0.26026097560975575
489.010009765625,491.8200073242188,479.260009765625,491.1700134277344,491.1700134277344,3482300.0,0.21925650887573944
491.0400085449219,491.0400085449219,469.0,470.6099853515625,470.6099853515625,3726400.0,0.1939107329842931
470.5299987792969,477.0,467.8200073242188,473.0799865722656,473.0799865722656,3727200.0,0.22685445026178
474.3900146484375,484.8699951171875,468.0299987792969,482.8800048828125,482.8800048828125,3769400.0,0.21137630208333283
489.1099853515625,492.0,477.8800048828125,490.6499938964844,490.6499938964844,4773500.0,0.19537218225419625
489.5,496.2900085449219,486.5299987792969,493.4800109863281,493.4800109863281,3541500.0,0.08901339712918631
492.5700073242188,504.6300048828125,489.2699890136719,500.0299987792969,500.0299987792969,4634100.0,0.22454303178484114
506.0299987792969,529.5499877929689,503.6000061035156,527.510009765625,527.510009765625,8153700.0,0.17227772511848338
516.4299926757811,526.3699951171875,502.70001220703125,503.05999755859375,503.05999755859375,6071200.0,0.17859117647058778
506.7999877929688,520.989990234375,501.70001220703125,520.6500244140625,520.6500244140625,4088100.0,0.23383333333333314
518.719970703125,521.8200073242189,504.1600036621094,505.8699951171875,505.8699951171875,4199000.0,0.21739430199430168
518.0,536.489990234375,515.8200073242189,534.6599731445311,534.6599731445311,7988700.0,0.2690592307692303
533.47998046875,535.0,524.1500244140625,531.7899780273439,531.7899780273439,5386500.0,0.1683649758454104
537.8300170898439,544.280029296875,535.0,539.4400024414061,539.4400024414061,4781300.0,0.2302801932367149
548.8099975585939,551.8099975585939,538.239990234375,539.8099975585939,539.8099975585939,5391100.0,0.21856919191919155
540.5599975585939,557.6500244140625,537.2000122070311,554.0900268554689,554.0900268554689,5602500.0,0.2666328467153281
562.6099853515625,572.489990234375,541.0,541.4500122070311,541.4500122070311,9499000.0,0.15267002881844388
545.52001953125,551.219970703125,535.0999755859375,541.9400024414061,541.9400024414061,5113100.0,0.2109169354838707
549.5,554.3300170898439,530.030029296875,530.7899780273439,530.7899780273439,6347400.0,0.25137150127226426
537.0700073242189,541.7999877929689,525.3800048828125,530.719970703125,530.719970703125,7567500.0,0.23341063829787204
528.1400146484375,533.780029296875,522.260009765625,525.4199829101561,525.4199829101561,10047200.0,0.1999882653061223
501.0299987792969,506.8500061035156,488.25,489.0499877929688,489.0499877929688,17405700.0,0.24673675417661065
494.6900024414063,495.1400146484375,482.0,485.2300109863281,485.2300109863281,6997900.0,0.17930372960372942
488.1099853515625,490.05999755859375,481.3500061035156,488.2799987792969,488.2799987792969,4927900.0,0.5258355855855857
487.0299987792969,496.8200073242188,478.8999938964844,488.239990234375,488.239990234375,6186100.0,0.19909381443298949
490.010009765625,490.489990234375,482.92999267578125,488.92999267578125,488.92999267578125,3627200.0,0.16499625935162085
486.3599853515625,494.0,483.2799987792969,486.239990234375,486.239990234375,5992700.0,0.1488451443569554
488.5,513.9000244140625,479.3399963378906,504.2099914550781,504.2099914550781,11120700.0,0.2435463356973996
502.010009765625,505.8800048828125,472.2099914550781,475.739990234375,475.739990234375,7807900.0,0.14494866180048646
478.8699951171875,486.2999877929688,475.0,484.1199951171875,484.1199951171875,4408200.0,0.15874884393063565
484.92999267578125,495.30999755859375,478.760009765625,487.2200012207031,487.2200012207031,3690200.0,0.18517205387205374
495.3599853515625,507.7300109863281,493.9800109863281,496.95001220703125,496.95001220703125,5137300.0,0.21601643835616416
506.55999755859375,518.72998046875,503.45001220703125,513.760009765625,513.760009765625,5372800.0,0.21611585365853617
515.0,515.2100219726561,502.510009765625,514.72998046875,514.72998046875,4236300.0,0.23653439999999978
485.5400085449219,495.8500061035156,467.260009765625,470.5,470.5,10419700.0,0.1448382089552238
470.95001220703125,484.6000061035156,463.4100036621094,480.239990234375,480.239990234375,8306100.0,0.17362710997442438
483.0,491.67999267578125,478.260009765625,490.760009765625,490.760009765625,5460500.0,0.14048537170263772
491.0,496.5199890136719,480.42999267578125,486.7699890136719,486.7699890136719,5063700.0,0.22056481012658222
486.7699890136719,488.9400024414063,477.7999877929688,482.8399963378906,482.8399963378906,3002700.0,0.20655662337662362
480.0,485.5799865722656,477.2999877929688,479.1000061035156,479.1000061035156,3953600.0,0.14984461152882203
480.1199951171875,487.510009765625,478.8500061035156,480.6300048828125,480.6300048828125,3698100.0,0.1410445843828715
481.95001220703125,488.6099853515625,477.7200012207031,481.7900085449219,481.7900085449219,3629200.0,0.14120719257540584
482.0,487.7999877929688,480.4700012207031,484.6700134277344,484.6700134277344,2254700.0,0.2254114143920592
485.2200012207031,494.760009765625,481.5700073242188,488.239990234375,488.239990234375,4253400.0,0.11425964125560523
490.4599914550781,491.1499938964844,475.8399963378906,476.6199951171875,476.6199951171875,5416600.0,0.16549975961538446
478.8399963378906,484.0499877929688,475.8900146484375,482.8800048828125,482.8800048828125,3550500.0,0.12607516930022564
485.1300048828125,486.8999938964844,478.9200134277344,485.0,485.0,3598600.0,0.17174753694581257
,,,,,,0.3085715555555553
486.5799865722656,493.25,481.8500061035156,491.3599853515625,491.3599853515625,2805800.0,0.19868693467336662
490.0799865722656,492.5499877929688,481.2699890136719,490.70001220703125,490.70001220703125,3530900.0,0.1511953703703702
492.3399963378906,509.4700012207031,491.9800109863281,504.5799865722656,504.5799865722656,5052700.0,0.16749426048565103
501.6199951171875,506.7999877929688,493.5,503.3800048828125,503.3800048828125,3028400.0,0.17907583732057397
502.989990234375,508.7699890136719,496.0400085449219,497.5199890136719,497.5199890136719,2826100.0,0.18053955773955754
497.5,504.5,493.6400146484375,498.30999755859375,498.30999755859375,3666200.0,0.21811491841491837
500.010009765625,517.760009765625,497.7699890136719,515.780029296875,515.780029296875,4289300.0,0.17245458715596323
517.9000244140625,521.489990234375,505.5499877929688,512.6599731445311,512.6599731445311,4229000.0,0.18036755319148934
510.5299987792969,514.5,491.2900085449219,493.6000061035156,493.6000061035156,4178800.0,0.14618703703703678
494.55999755859375,503.7699890136719,492.9100036621094,501.0899963378906,501.0899963378906,3018200.0,0.14390338983050846
495.0,503.3399963378906,494.8500061035156,503.2200012207031,503.2200012207031,3210900.0,0.20445268065268063
505.4400024414063,524.1599731445311,501.17999267578125,522.4199829101561,522.4199829101561,5770400.0,0.25838676122931387
518.5,524.7000122070311,513.5599975585939,519.780029296875,519.780029296875,3394900.0,0.17960856481481463
520.1099853515625,527.3800048828125,517.6900024414061,524.8300170898439,524.8300170898439,3682400.0,0.16074853932584238
529.0,535.489990234375,526.4400024414061,532.9000244140625,532.9000244140625,3193400.0,0.12326074074074075
533.2000122070311,536.3699951171875,526.02001953125,534.4500122070311,534.4500122070311,4502700.0,0.14297317647058796
530.0499877929689,532.6199951171875,521.1500244140625,528.9099731445311,528.9099731445311,3894000.0,0.13178805970149252
527.6900024414061,530.4000244140625,520.5,527.3300170898439,527.3300170898439,1906600.0,0.07889976470588254
524.760009765625,526.3200073242189,514.2000122070311,514.47998046875,514.47998046875,2393200.0,0.2082665924276165
515.1199951171875,519.3499755859375,512.2100219726561,513.969970703125,513.969970703125,1144000.0,0.1635504615384613
,,,,,,0.20243999999999995
516.4299926757811,523.6599731445311,507.1300048828125,519.1199951171875,519.1199951171875,2891900.0,0.13087915492957736
519.9000244140625,536.5499877929689,515.47998046875,530.8699951171875,530.8699951171875,4022400.0,0.20503682864450112
530.1300048828125,533.260009765625,523.6900024414061,524.5900268554689,524.5900268554689,1876300.0,0.10464961240310079
525.530029296875,545.5,523.1500244140625,540.72998046875,540.72998046875,5392300.0,0.23964475138121527
,,,,,,0.20529135802469126
539.0,540.7999877929689,515.0900268554689,522.8599853515625,522.8599853515625,4444400.0,0.10960613810741682
521.5499877929689,526.780029296875,515.8900146484375,520.7999877929689,520.7999877929689,3133900.0,0.13747944444444438
511.9700012207031,513.0999755859375,499.5,500.489990234375,500.489990234375,5346200.0,0.2114269541778974
508.2799987792969,516.4400024414061,506.4200134277344,508.8900146484375,508.8900146484375,3686400.0,0.24858794871794831
511.30999755859375,513.239990234375,504.510009765625,510.3999938964844,510.3999938964844,2973900.0,0.2028240793201131
507.8399963378906,510.7300109863281,497.95001220703125,499.1000061035156,499.1000061035156,3806200.0,0.0891415300546448
500.0,501.0899963378906,485.6700134277344,494.25,494.25,5990400.0,0.15191383812010434
495.5,512.3499755859375,493.010009765625,507.7900085449219,507.7900085449219,5032100.0,0.19660270270270258
507.3500061035156,514.5,499.5799865722656,500.8599853515625,500.8599853515625,4177400.0,0.18121906158357756
500.0,506.3200073242188,495.1000061035156,497.9800109863281,497.9800109863281,5895800.0,0.16868877284595285
,,,,,,0.10895014925373125
501.0,509.25,493.5400085449219,501.7699890136719,501.7699890136719,12315800.0,0.19369830917874367
565.4199829101562,593.2899780273438,556.8599853515625,586.3400268554688,586.3400268554688,32637500.0,0.21008861788617886
582.4500122070312,588.75,570.4000244140625,579.8400268554688,579.8400268554688,11802100.0,0.13178136094674545
582.0999755859375,583.989990234375,564.3499755859375,565.1699829101562,565.1699829101562,7550800.0,0.1999449591280654
567.0,569.75,548.6500244140625,556.780029296875,556.780029296875,7207300.0,0.1640433333333332
554.72998046875,567.989990234375,554.0599975585939,561.9299926757811,561.9299926757811,5023800.0,0.19832898172323743
550.7100219726561,556.4199829101561,515.72998046875,523.280029296875,523.280029296875,8670300.0,0.08954064837905232
535.8800048828125,553.1500244140625,530.739990234375,538.5999755859375,538.5999755859375,5969000.0,0.321784905660378
538.0,541.0,530.1799926757811,532.3900146484375,532.3900146484375,4325300.0,0.1408673835125448
536.7899780273439,545.0599975585939,531.72998046875,539.0399780273439,539.0399780273439,3547500.0,0.14910272108843534
542.010009765625,555.47998046875,538.9299926757811,548.1599731445311,548.1599731445311,3767600.0,0.3093529850746256
550.1699829101561,550.47998046875,538.239990234375,539.4500122070311,539.4500122070311,3172300.0,0.2604981595092025
539.8099975585939,559.47998046875,537.510009765625,552.1599731445311,552.1599731445311,5164500.0,0.16386163366336629
552.260009765625,554.4400024414061,545.47998046875,550.7899780273439,550.7899780273439,2376200.0,0.20605147058823509
555.0,555.0,543.7000122070311,547.9199829101561,547.9199829101561,2791700.0,0.135234794520548
546.0,566.0,543.0,559.0700073242189,559.0700073242189,3703500.0,0.15086622691292875
562.5,566.6500244140625,553.4600219726561,563.5900268554688,563.5900268554688,3991300.0,0.19193213367609238
564.4400024414062,565.9299926757812,554.219970703125,557.5900268554689,557.5900268554689,2730600.0,0.11720478873239419
556.9400024414061,561.25,550.8499755859375,556.52001953125,556.52001953125,2197100.0,0.15289329073482424
,,,,,,0.18146677524429958
557.2899780273439,563.6300048828125,552.72998046875,557.280029296875,557.280029296875,2624100.0,0.09939562682215757
550.989990234375,555.25,543.030029296875,551.3400268554689,551.3400268554689,2069600.0,0.1863555232558139
549.0,550.0,538.22998046875,548.219970703125,548.219970703125,2456200.0,0.1234693877551021
548.0,548.989990234375,538.8099975585939,540.219970703125,540.219970703125,2841500.0,0.13934234693877548
534.989990234375,541.7899780273439,530.7899780273439,533.780029296875,533.780029296875,3078600.0,0.022515633423180522
525.0,548.5399780273439,518.280029296875,546.1500244140625,546.1500244140625,4136500.0,-0.04599309462915592
539.7999877929689,556.8499755859375,539.0700073242189,553.4099731445311,553.4099731445311,3245000.0,0.14270769230769229
550.27001953125,556.47998046875,535.75,546.7000122070311,546.7000122070311,4252900.0,0.13558165374677011
546.510009765625,553.0900268554689,538.0,538.8499755859375,538.8499755859375,3755600.0,0.20029549549549527
545.5700073242189,552.1400146484375,542.0,550.6400146484375,550.6400146484375,3041400.0,0.16940518134715032
553.3400268554689,556.989990234375,546.02001953125,547.8200073242189,547.8200073242189,3042200.0,0.2261269754768389
545.9299926757811,548.010009765625,517.8099975585939,520.7000122070311,520.7000122070311,5362400.0,0.21177596899224815
521.5,531.5,507.67999267578125,511.2900085449219,511.2900085449219,5034800.0,0.1811175771971497
511.9800109863281,517.760009765625,498.7900085449219,516.3900146484375,516.3900146484375,5070000.0,0.13961256038647343
514.4600219726561,518.8400268554689,492.8500061035156,493.3299865722656,493.3299865722656,3981800.0,0.14392231182795692
507.30999755859375,513.1099853515625,503.8200073242188,506.4400024414063,506.4400024414063,3470000.0,0.1867240963855422
513.5,518.969970703125,504.25,504.5400085449219,504.5400085449219,3771500.0,0.16539573863636362
512.2000122070311,530.239990234375,510.7099914550781,523.0599975585939,523.0599975585939,4714500.0,0.24038037974683557
512.5,526.510009765625,506.5899963378906,518.02001953125,518.02001953125,3981700.0,0.13826580310880818
516.3200073242189,520.72998046875,508.0299987792969,520.25,520.25,3484300.0,0.15799653333333333
524.469970703125,533.4199829101561,523.2100219726561,524.030029296875,524.030029296875,3238900.0,0.1839519553072626
522.0,528.3699951171875,514.2999877929689,524.4400024414061,524.4400024414061,2817400.0,0.22985340599455023
516.4000244140625,517.9000244140625,503.8500061035156,504.7900085449219,504.7900085449219,4094500.0,0.1674793785310733
504.9599914550781,513.1900024414061,501.6300048828125,512.1799926757811,512.1799926757811,4386400.0,0.20199311594202904
509.1300048828125,529.3099975585939,509.1300048828125,523.1099853515625,523.1099853515625,3360600.0,0.21839999999999984
529.8699951171875,543.1199951171875,529.4000244140625,535.0900268554689,535.0900268554689,5583500.0,0.2051318327974274
533.780029296875,534.4199829101561,520.0,520.8099975585939,520.8099975585939,4102200.0,0.2080552238805969
516.989990234375,518.530029296875,497.0,502.8599853515625,502.8599853515625,4926800.0,0.13014205882352936
502.8200073242188,508.7200012207031,496.67999267578125,508.0499877929688,508.0499877929688,3467800.0,0.18568523676880216
505.6600036621094,518.0,504.3999938964844,513.9500122070311,513.9500122070311,3330000.0,0.16993199999999986
510.510009765625,514.4099731445311,506.9100036621094,513.3900146484375,513.3900146484375,2418100.0,0.1943508522727271
515.6699829101561,528.1300048828125,515.4400024414061,521.6599731445311,521.6599731445311,3503100.0,0.24395378590078287
529.9299926757811,540.5,527.030029296875,539.4199829101561,539.4199829101561,3938600.0,0.10530273037542665
,,,,,,0.2662179836512255
540.010009765625,542.8499755859375,529.22998046875,540.6699829101561,540.6699829101561,3355900.0,0.24707589041095865
544.8099975585939,554.1699829101561,543.2999877929689,544.530029296875,544.530029296875,3474200.0,0.33538455284552765
543.5,549.6400146484375,541.4500122070311,546.989990234375,546.989990234375,2151300.0,0.22694345403899702
551.1300048828125,556.9000244140625,547.5700073242189,554.5800170898439,554.5800170898439,4309800.0,0.15423474801061016
552.6900024414061,556.9000244140625,547.1099853515625,555.3099975585939,555.3099975585939,2894000.0,0.16550792349726764
551.0499877929689,557.97998046875,549.5800170898439,552.780029296875,552.780029296875,2944100.0,0.17300701754385947
557.0,559.75,550.2999877929689,553.72998046875,553.72998046875,2720300.0,0.15233878787878788
554.8699951171875,554.8699951171875,538.530029296875,540.02001953125,540.02001953125,3740300.0,0.15761357340720222
544.1699829101561,553.489990234375,542.6599731445311,549.219970703125,549.219970703125,3139100.0,0.186535816618911
550.5399780273439,551.97998046875,539.510009765625,546.5399780273439,546.5399780273439,3209100.0,0.18726054794520516
546.9000244140625,556.4400024414061,545.530029296875,554.4400024414061,554.4400024414061,4288700.0,0.17892051282051263
554.4199829101561,563.5599975585938,546.2999877929689,549.5700073242189,549.5700073242189,11257600.0,0.06944501510574011
508.0,515.4600219726561,503.6000061035156,508.8999938964844,508.8999938964844,22897400.0,0.15093524804177524
513.8200073242189,513.9600219726561,500.5499877929688,508.7799987792969,508.7799987792969,9061100.0,0.19890471464019846
509.010009765625,509.70001220703125,500.70001220703125,505.5499877929688,505.5499877929688,7307700.0,0.15048762886597936
506.760009765625,510.4800109863281,503.0,510.2999877929688,510.2999877929688,4388800.0,0.19828880778588792
512.6199951171875,512.989990234375,504.5799865722656,505.5499877929688,505.5499877929688,3761300.0,0.15975900277008306
505.20001220703125,508.3999938964844,503.3399963378906,506.5199890136719,506.5199890136719,3193000.0,0.15158483146067428
507.6000061035156,509.2900085449219,499.0,509.0,509.0,5127800.0,0.4365528344671202
505.0,514.5499877929689,505.0,513.469970703125,513.469970703125,4413200.0,0.2578547846889946
512.6500244140625,518.9500122070311,505.20001220703125,509.1099853515625,509.1099853515625,4091900.0,0.1578816618911174
510.7799987792969,511.6300048828125,496.7900085449219,503.17999267578125,503.17999267578125,4349500.0,0.1072009708737864
504.989990234375,507.7799987792969,494.6300048828125,496.0799865722656,496.0799865722656,3129400.0,0.15772073863636374
495.989990234375,499.5499877929688,491.3699951171875,499.5499877929688,499.5499877929688,3783700.0,0.25646308539944884
504.6199951171875,508.5499877929688,501.1199951171875,503.8399963378906,503.8399963378906,3132800.0,0.1745625352112675
502.0,503.1499938964844,486.1099853515625,486.6900024414063,486.6900024414063,5131600.0,0.09238757396449714
479.75,497.989990234375,478.6300048828125,495.0799865722656,495.0799865722656,4401000.0,0.16147023809523808
486.8299865722656,493.5400085449219,482.70001220703125,484.9800109863281,484.9800109863281,4121500.0,0.17012138364779864
489.1300048828125,490.7799987792969,482.7099914550781,486.6600036621094,486.6600036621094,2712500.0,0.15564508196721308
487.8599853515625,494.8500061035156,486.5899963378906,493.3699951171875,493.3699951171875,2882500.0,0.17804548104956278
485.5899963378906,492.7099914550781,482.80999755859375,488.9400024414063,488.9400024414063,2705200.0,0.16279891008174374
488.3999938964844,493.4800109863281,486.1900024414063,486.2799987792969,486.2799987792969,2350500.0,0.17945564971751402
481.6300048828125,488.5700073242188,478.5400085449219,487.70001220703125,487.70001220703125,3349900.0,0.13520704225352115
489.5499877929688,502.70001220703125,488.9800109863281,501.6700134277344,501.6700134277344,3721200.0,0.20384833333333302
503.1199951171875,505.3999938964844,497.260009765625,497.8900146484375,497.8900146484375,3322900.0,0.1119786384976525
501.0499877929688,504.25,499.510009765625,502.8999938964844,502.8999938964844,2412600.0,0.1680822404371582
506.0,506.3699951171875,499.2200012207031,501.3399963378906,501.3399963378906,2699500.0,0.14851450617283957
502.3399963378906,504.1400146484375,500.5,502.3599853515625,502.3599853515625,2465300.0,0.1778967654986522
501.7999877929688,505.1000061035156,498.5400085449219,503.8599853515625,503.8599853515625,3253800.0,0.14289941176470589
504.3999938964844,511.760009765625,502.5299987792969,502.80999755859375,502.80999755859375,2910300.0,0.1367696793002915
,,,,,,0.1747448888888888
504.010009765625,505.4100036621094,497.739990234375,499.0799865722656,499.0799865722656,2482600.0,0.21524086021505356
499.8200073242188,503.2200012207031,495.8200073242188,499.239990234375,499.239990234375,2269000.0,0.11207638483965017
495.1900024414063,496.6600036621094,487.25,489.42999267578125,489.42999267578125,3887400.0,0.10207783933518012
492.0,501.8599853515625,490.95001220703125,494.739990234375,494.739990234375,3160500.0,0.16099085365853638
492.9200134277344,496.70001220703125,490.5499877929688,494.6600036621094,494.6600036621094,2791900.0,0.1384880503144654
497.0,498.8200073242188,489.3699951171875,492.3900146484375,492.3900146484375,2374000.0,0.1495116417910447
494.5,496.0899963378906,484.6499938964844,485.80999755859375,485.80999755859375,3055000.0,0.09134201680672274
487.1700134277344,490.2099914550781,482.1400146484375,487.2699890136719,487.2699890136719,4382900.0,0.11708391959798994
490.0,491.4100036621094,487.7799987792969,488.7699890136719,488.7699890136719,3124000.0,0.21600990415335444
489.67999267578125,503.5,486.9100036621094,499.8900146484375,499.8900146484375,4400200.0,0.27782222222222147
501.2300109863281,501.2300109863281,490.3999938964844,491.8999938964844,491.8999938964844,3104100.0,0.14619137466307258
495.0,496.4599914550781,486.2799987792969,492.4100036621094,492.4100036621094,3533200.0,0.1337296187683282
490.25,501.7999877929688,490.1499938964844,498.3399963378906,498.3399963378906,3198300.0,0.16951450381679384
496.3999938964844,504.489990234375,495.239990234375,500.7699890136719,500.7699890136719,5197600.0,0.1646078431372548
501.6400146484375,502.0499877929688,492.2799987792969,497.0,497.0,5277300.0,0.14755706521739115
498.5400085449219,513.5499877929689,495.7999877929688,508.8200073242188,508.8200073242188,5809300.0,0.18573113207547168
508.4800109863281,516.6300048828125,508.20001220703125,512.739990234375,512.739990234375,3944800.0,0.2110562043795618
517.9600219726561,520.9600219726561,514.4000244140625,518.0599975585939,518.0599975585939,3361200.0,0.18404558139534855
528.8400268554689,533.0599975585939,525.0,527.0700073242189,527.0700073242189,5299100.0,0.27802009345794376
528.1199951171875,533.9400024414061,524.5599975585939,533.030029296875,533.030029296875,2820200.0,0.20399815303430047
533.5499877929689,536.1300048828125,528.5700073242189,533.5,533.5,2314600.0,0.19419856115107892
534.0599975585939,534.3800048828125,526.8200073242189,528.2100219726561,528.2100219726561,2773400.0,0.16608771929824556
525.719970703125,537.0399780273439,525.719970703125,533.5399780273439,533.5399780273439,2805400.0,0.16263288409703489
535.5,538.5399780273439,529.3900146484375,533.97998046875,533.97998046875,1975500.0,0.2033211956521738
,,,,,,0.2646344720496892
533.0,542.8599853515625,533.0,541.6400146484375,541.6400146484375,2775100.0,0.2052289537712894
544.239990234375,544.6400146484375,531.6599731445311,535.9600219726561,535.9600219726561,2722500.0,0.2685108108108107
530.9299926757811,535.5,529.0900268554689,530.760009765625,530.760009765625,3269000.0,0.19039785714285695
531.0,538.260009765625,528.5800170898439,535.97998046875,535.97998046875,2777200.0,0.26496301020408153
540.2999877929689,540.6500244140625,532.9199829101561,537.3099975585939,537.3099975585939,1780700.0,0.21455933014354056
535.760009765625,545.3300170898439,535.760009765625,540.6799926757811,540.6799926757811,2751600.0,0.22848387096774153
541.010009765625,554.0999755859375,541.010009765625,547.9500122070311,547.9500122070311,4659500.0,0.07808459869848156
553.969970703125,557.5399780273439,538.2000122070311,542.9500122070311,542.9500122070311,5713900.0,0.1984931924882627
541.8099975585939,544.0599975585939,527.0499877929689,530.3099975585939,530.3099975585939,3442100.0,0.17991820388349494
526.0499877929689,534.9099731445311,522.239990234375,532.280029296875,532.280029296875,3885800.0,0.1944857487922701
526.0700073242189,536.6400146484375,520.2999877929689,531.0499877929689,531.0499877929689,6930400.0,0.12552926829268288
526.1300048828125,530.989990234375,505.6099853515625,513.6300048828125,513.6300048828125,11906800.0,0.17522791262135914
510.2099914550781,513.6799926757811,507.0,511.7699890136719,511.7699890136719,4328100.0,0.18682581453634073
512.1599731445311,517.4099731445311,504.6600036621094,515.4099731445311,515.4099731445311,3820500.0,0.19632737819025528
514.3800048828125,521.1300048828125,509.010009765625,516.489990234375,516.489990234375,2254500.0,0.21746426799007415
518.0800170898439,521.9500122070311,512.0499877929689,518.9099731445311,518.9099731445311,2759000.0,0.1998198433420364
521.8200073242189,524.469970703125,516.97998046875,519.2999877929689,519.2999877929689,2390500.0,0.1907466814159289
519.9600219726561,520.780029296875,513.7899780273439,514.25,514.25,1736000.0,0.2799887892376674
512.6900024414061,519.7899780273439,510.9599914550781,517.5700073242189,517.5700073242189,2537100.0,0.22486471962616772
519.0,519.8499755859375,510.510009765625,515.1500244140625,515.1500244140625,2096600.0,0.24416184538653338
514.3900146484375,515.6300048828125,505.3699951171875,510.8200073242188,510.8200073242188,2579400.0,0.16530602409638545
513.0,517.97998046875,510.3699951171875,517.3499755859375,517.3499755859375,2039400.0,0.18189263657957205
517.1300048828125,525.4099731445311,514.02001953125,524.8900146484375,524.8900146484375,2556700.0,0.19015825892857108
524.0,526.8400268554689,519.3900146484375,520.5499877929689,520.5499877929689,1919800.0,0.21649387254901944
521.1500244140625,522.6699829101561,517.989990234375,519.969970703125,519.969970703125,1367800.0,0.27044499999999944
520.0,520.7899780273439,512.969970703125,515.8400268554689,515.8400268554689,1960500.0,0.15211593830334183
517.0,519.5700073242189,509.7699890136719,512.4000244140625,512.4000244140625,1673900.0,0.20497699999999988
511.8599853515625,513.0,507.20001220703125,510.7200012207031,510.7200012207031,1685700.0,0.1725314516129031
512.6400146484375,521.4400024414061,511.510009765625,515.9199829101561,515.9199829101561,2177700.0,0.305410928961748
515.239990234375,523.3800048828125,512.2999877929689,517.9199829101561,517.9199829101561,2032800.0,0.2428831838565021
515.469970703125,520.7899780273439,514.2000122070311,518.9099731445311,518.9099731445311,2309800.0,0.28513002680965094
520.0,526.3800048828125,518.6500244140625,521.8699951171875,521.8699951171875,2582000.0,0.22264866310160394
522.739990234375,548.3900146484375,521.8699951171875,543.7100219726561,543.7100219726561,7497300.0,0.18768075117370878
545.0900268554689,551.3900146484375,539.0999755859375,546.8800048828125,546.8800048828125,3776400.0,0.15714313725490203
545.97998046875,555.5499877929689,543.739990234375,553.3300170898439,553.3300170898439,2602000.0,0.24341719576719537
551.47998046875,555.3099975585939,549.27001953125,553.4099731445311,553.4099731445311,2109500.0,0.20905014836795244
550.1599731445311,552.8400268554689,545.4500122070311,547.5800170898439,547.5800170898439,2065600.0,0.28408247863247854
546.1599731445311,552.5999755859375,545.9000244140625,550.1199951171875,550.1199951171875,1595500.0,0.13810780856423172
551.5999755859375,564.1699829101562,549.25,558.9199829101561,558.9199829101561,3252600.0,0.20534498269896176
557.25,567.1599731445312,556.4500122070311,566.1799926757812,566.1799926757812,2434800.0,0.17951559139784906
566.1199951171875,569.47998046875,561.6099853515625,569.1900024414062,569.1900024414062,2431900.0,0.1897515544041449
569.0,591.0,569.0,582.0700073242188,582.0700073242188,5626200.0,0.19551939953810638
583.6799926757812,598.760009765625,583.6799926757812,588.5499877929688,588.5499877929688,6179900.0,0.2277325942350334
585.7999877929688,591.8800048828125,583.1400146484375,590.530029296875,590.530029296875,2681200.0,0.14521889250814332
,,,,,,0.25643972602739734
594.6900024414062,613.8499755859375,593.989990234375,606.7100219726562,606.7100219726562,5821400.0,0.19627183462532297
603.8400268554688,615.5999755859375,595.7100219726562,606.0499877929688,606.0499877929688,5424500.0,0.17951867612293115
606.469970703125,609.4400024414062,596.5499877929688,597.5399780273438,597.5399780273438,2954200.0,0.1961340527577937
598.1599731445312,609.4500122070312,593.6699829101562,598.719970703125,598.719970703125,3950800.0,0.2007028037383177
598.5700073242188,598.5700073242188,582.780029296875,589.2899780273438,589.2899780273438,3062900.0,0.1706253968253968
584.8900146484375,587.280029296875,575.5599975585938,577.760009765625,577.760009765625,3457000.0,0.16267286063569666
578.1699829101562,584.6199951171875,575.3699951171875,582.8699951171875,582.8699951171875,2755600.0,0.19815952380952367
584.2999877929688,587.47998046875,577.719970703125,586.5,586.5,1832000.0,0.2217973684210525
587.8499755859375,590.280029296875,580.8499755859375,589.3499755859375,589.3499755859375,4145100.0,0.16887989417989413
586.7899780273438,591.530029296875,568.0800170898438,575.4299926757812,575.4299926757812,3732200.0,0.16290596205962046
578.3099975585938,581.8800048828125,569.3699951171875,573.1400146484375,573.1400146484375,2250900.0,0.1842756097560974
579.6900024414062,595.6500244140625,579.6900024414062,590.6500244140625,590.6500244140625,4021800.0,0.21409182058047463
590.7899780273438,599.3200073242188,589.1300048828125,593.260009765625,593.260009765625,2526200.0,0.31494077134986187
592.5,592.97998046875,583.6400146484375,592.3900146484375,592.3900146484375,2126200.0,0.20107303102625287
587.9500122070312,593.5800170898438,576.9299926757812,592.6400146484375,592.6400146484375,2504700.0,0.22207071583514087
589.0,599.5399780273438,580.1599731445312,583.8499755859375,583.8499755859375,4431100.0,0.2129180138568126
589.010009765625,609.8800048828125,588.010009765625,599.0599975585938,599.0599975585938,6221000.0,0.22317266514806341
608.0499877929688,619.0,608.0499877929688,610.3400268554688,610.3400268554688,6612600.0,0.1653128735632182
604.239990234375,614.989990234375,597.510009765625,613.1500244140625,613.1500244140625,4090800.0,0.21098507462686536
613.3900146484375,626.1300048828125,594.6799926757812,603.3499755859375,603.3499755859375,4995900.0,0.19799828431372546
606.9400024414062,640.3900146484375,606.8900146484375,634.8099975585938,634.8099975585938,9534300.0,0.23704649999999977
628.1799926757812,639.8699951171875,626.3599853515625,639.0999755859375,639.0999755859375,4580400.0,0.02821153039832272
642.22998046875,646.8400268554688,630.4500122070312,631.8499755859375,631.8499755859375,3556900.0,0.052544161358810994
634.1699829101562,643.7999877929688,630.8599853515625,632.6599731445312,632.6599731445312,3272100.0,0.07950769230769207
633.2000122070312,639.4199829101562,626.780029296875,627.0399780273438,627.0399780273438,2862500.0,0.21888824884792626
633.02001953125,637.6599731445312,621.989990234375,624.9400024414062,624.9400024414062,3227300.0,0.2117504694835684
632.1799926757812,632.1799926757812,622.0999755859375,629.760009765625,629.760009765625,2420300.0,0.16382540983606558
632.22998046875,636.8800048828125,626.7899780273438,633.7999877929688,633.7999877929688,2671700.0,0.1997962365591395
638.0,639.4199829101562,625.1599731445312,628.2899780273438,628.2899780273438,4116900.0,0.15058465011286676
632.0999755859375,638.4099731445312,620.5900268554688,637.969970703125,637.969970703125,4669100.0,0.21608740359897174
636.969970703125,641.0,632.2999877929688,639.0,639.0,7633100.0,0.18461697127937324
625.5700073242188,637.4000244140625,617.1500244140625,625.1400146484375,625.1400146484375,10622000.0,0.17829973404255292
628.8900146484375,654.010009765625,628.6500244140625,653.1599731445312,653.1599731445312,8437100.0,0.21341049382716035
651.8099975585938,665.4600219726562,651.8099975585938,664.780029296875,664.780029296875,6186000.0,0.2188348448687348
663.739990234375,675.8800048828125,657.0700073242188,671.6599731445312,671.6599731445312,3833500.0,0.24549931662870167
673.760009765625,676.489990234375,662.77001953125,668.52001953125,668.52001953125,2904800.0,0.22673464203233218
669.0,671.4099731445312,661.8499755859375,662.9199829101562,662.9199829101562,2276900.0,0.163727139364303
670.9500122070312,676.7999877929688,668.030029296875,674.0499877929688,674.0499877929688,2859400.0,0.19705531914893593
673.0599975585938,690.969970703125,671.239990234375,690.3099975585938,690.3099975585938,3825300.0,0.23135731414868083
689.0599975585938,689.969970703125,676.5399780273438,681.1699829101562,681.1699829101562,3110900.0,0.21682416851441183
683.1099853515625,687.6799926757812,673.8200073242188,677.719970703125,677.719970703125,3888600.0,0.21264708520179332
677.27001953125,689.3900146484375,677.27001953125,688.2899780273438,688.2899780273438,2334900.0,0.19528232662192352
685.8900146484375,685.9400024414062,665.5,668.4000244140625,668.4000244140625,4865000.0,0.16085342465753416
663.969970703125,665.6400146484375,645.010009765625,645.719970703125,645.719970703125,5283500.0,0.1644342281879195
650.2899780273438,656.0,643.7899780273438,651.4500122070312,651.4500122070312,2887500.0,0.14711304347826099
653.7000122070312,660.5,650.52001953125,655.989990234375,655.989990234375,2415600.0,0.1675381944444443
653.010009765625,660.3300170898438,642.1099853515625,646.9099731445312,646.9099731445312,2405800.0,0.29962318501171015
650.239990234375,665.8200073242188,649.7100219726562,657.5800170898438,657.5800170898438,2868300.0,0.1565929577464789
660.010009765625,683.3400268554688,653.8200073242188,682.6099853515625,682.6099853515625,4198400.0,0.19226879120879115
681.239990234375,685.260009765625,671.489990234375,679.3300170898438,679.3300170898438,2872200.0,0.19563114754098357
678.27001953125,688.3599853515625,676.9000244140625,687.4000244140625,687.4000244140625,2077400.0,0.21253095768374156
690.0,700.989990234375,686.0900268554688,691.6900024414062,691.6900024414062,2732800.0,0.15766497797356802
691.6099853515625,691.739990234375,679.739990234375,682.02001953125,682.02001953125,2012900.0,0.20642086167800436
692.3499755859375,694.1599731445312,675.0,678.7999877929688,678.7999877929688,2613700.0,0.246742791762014
676.02001953125,679.47998046875,656.469970703125,659.2000122070312,659.2000122070312,2764400.0,0.2144478571428571
658.1799926757812,666.4299926757812,646.0499877929688,654.0599975585938,654.0599975585938,2320200.0,0.2152992941176473
658.010009765625,661.4400024414062,651.0999755859375,658.2899780273438,658.2899780273438,1867300.0,0.21211305555555535
,,,,,,0.33579340659340606
675.0,676.4099731445312,660.6699829101562,665.6400146484375,665.6400146484375,2872500.0,0.23750555555555536
663.2000122070312,667.989990234375,658.2899780273438,663.8400268554688,663.8400268554688,2529400.0,0.23504655581947742
668.2000122070312,675.3800048828125,640.010009765625,641.9000244140625,641.9000244140625,5608900.0,0.1098759299781181
649.47998046875,654.52001953125,617.0700073242188,617.77001953125,617.77001953125,3882800.0,0.12949550561797746
617.0999755859375,625.3599853515625,612.8800048828125,616.469970703125,616.469970703125,3331100.0,0.3375737193763919
622.75,625.5,594.0,602.1300048828125,602.1300048828125,4829300.0,0.18731345707656644
606.010009765625,617.2899780273438,601.0,612.6900024414062,612.6900024414062,3075700.0,0.18242084309133486
619.8300170898438,628.8900146484375,611.4000244140625,625.5800170898438,625.5800170898438,3125200.0,0.20824247191011236
630.0,632.4600219726562,623.2000122070312,628.0800170898438,628.0800170898438,2220300.0,0.2156126168224297
627.5800170898438,630.239990234375,610.4400024414062,611.0,611.0,2376300.0,0.12989729729729713
616.780029296875,617.739990234375,605.8800048828125,611.6599731445312,611.6599731445312,2748800.0,0.16624164759725377
612.0,612.6400146484375,599.52001953125,604.5599975585938,604.5599975585938,2517900.0,0.21270526315789437
598.7100219726562,602.2899780273438,588.1300048828125,597.989990234375,597.989990234375,2984500.0,0.12834622641509405
598.1799926757812,605.6900024414062,584.510009765625,605.0399780273438,605.0399780273438,2866200.0,0.195673758865248
597.0900268554688,602.8300170898438,588.0,591.0599975585938,591.0599975585938,3143200.0,0.1563497674418603
591.6099853515625,593.25,581.739990234375,586.72998046875,586.72998046875,4386900.0,0.2049660714285714
586.4299926757812,602.8800048828125,584.260009765625,593.739990234375,593.739990234375,3358400.0,0.20426880952380935
597.5399780273438,607.8200073242188,593.8599853515625,604.9199829101562,604.9199829101562,2319400.0,0.19435406698564572
603.3599853515625,614.8200073242188,602.6300048828125,614.239990234375,614.239990234375,2335700.0,0.17530068027210857
616.4000244140625,616.8800048828125,607.5700073242188,614.0900268554688,614.0900268554688,1621100.0,0.14276159250585466
,,,,,,0.16160305343511422
615.0,615.0,609.25,613.1199951171875,613.1199951171875,2061500.0,0.21332142857142816
614.9500122070312,618.4099731445312,609.6900024414062,610.7100219726562,610.7100219726562,1882800.0,0.2052399543378994
610.7100219726562,613.97998046875,604.6799926757812,610.5399780273438,610.5399780273438,1287200.0,0.1824963942307691
612.989990234375,620.6099853515625,611.239990234375,612.0900268554688,612.0900268554688,1625100.0,0.18354018912529538
610.010009765625,614.0800170898438,602.0499877929688,602.4400024414062,602.4400024414062,1995900.0,0.15318103448275852
605.6099853515625,609.989990234375,590.5599975585938,597.3699951171875,597.3699951171875,3067500.0,0.17364431279620873
599.9099731445312,600.4099731445312,581.5999755859375,591.1500244140625,591.1500244140625,4393100.0,0.21495907990314767
592.0,592.8400268554688,566.8800048828125,567.52001953125,567.52001953125,4148700.0,0.15229853300733498
554.3400268554689,563.3599853515625,542.010009765625,553.2899780273439,553.2899780273439,5711800.0,0.11807789203084841
549.4600219726561,553.4299926757811,538.219970703125,541.0599975585939,541.0599975585939,3382900.0,0.16346939890710374
538.489990234375,543.6900024414061,526.3200073242189,539.8499755859375,539.8499755859375,4486100.0,0.11772203856749304
536.989990234375,543.9099731445311,530.0700073242189,540.8400268554689,540.8400268554689,3077800.0,0.21375194805194783
544.27001953125,544.27001953125,532.02001953125,537.219970703125,537.219970703125,3787400.0,0.032291855203619886
537.0599975585939,540.7899780273439,518.260009765625,519.2000122070311,519.2000122070311,4475100.0,-0.03845279642058164
517.5999755859375,538.3699951171875,511.8800048828125,525.6900024414061,525.6900024414061,7861100.0,0.035752317880794714
,,,,,,-0.03723406113537117
520.0800170898439,521.75,508.67999267578125,510.7999877929688,510.7999877929688,4839100.0,-0.036406415929203545
515.0,523.2100219726561,510.510009765625,515.8599853515625,515.8599853515625,4353500.0,0.10193154362416104
517.75,526.6400146484375,506.92999267578125,508.25,508.25,12659000.0,0.043638443935926766
400.42999267578125,409.1499938964844,379.989990234375,397.5,397.5,58904300.0,0.02136283422459894
383.9100036621094,387.260009765625,351.4599914550781,387.1499938964844,387.1499938964844,32346000.0,0.03754158878504674
379.1400146484375,387.7099914550781,365.1300048828125,366.4200134277344,366.4200134277344,15145800.0,0.07548966346153843
378.2699890136719,382.6600036621094,356.6199951171875,359.70001220703125,359.70001220703125,12684000.0,0.18701132897603484
382.05999755859375,394.7999877929688,378.1000061035156,386.70001220703125,386.70001220703125,24324700.0,0.03541313868613141
386.760009765625,387.0,372.0799865722656,384.3599853515625,384.3599853515625,11966600.0,0.18314205882352935
401.9700012207031,427.70001220703125,398.20001220703125,427.1400146484375,427.1400146484375,20047500.0,0.2005208443271764
432.9599914550781,458.4800109863281,425.5400085449219,457.1300048828125,457.1300048828125,22568100.0,0.1772676886792452
448.25,451.9800109863281,426.4800109863281,429.4800109863281,429.4800109863281,14346000.0,0.14987469287469266
421.4400024414063,429.260009765625,404.2799987792969,405.6000061035156,405.6000061035156,9905200.0,0.08184487471526193
407.30999755859375,412.7699890136719,396.6400146484375,410.1700134277344,410.1700134277344,7789800.0,0.16772585751978888
410.1700134277344,412.3500061035156,393.5499877929688,402.1000061035156,402.1000061035156,8232900.0,0.106981707317073
398.17999267578125,406.6099853515625,395.8299865722656,403.5299987792969,403.5299987792969,6818500.0,0.09819675925925922
408.6499938964844,412.9800109863281,398.7900085449219,412.8900146484375,412.8900146484375,7738200.0,0.13465298165137599
402.1000061035156,408.0,396.3599853515625,406.2699890136719,406.2699890136719,8452900.0,0.15928847058823523
405.3299865722656,411.6099853515625,387.6499938964844,391.30999755859375,391.30999755859375,7558900.0,0.13393440366972462
387.5899963378906,409.3599853515625,386.8900146484375,396.5700073242188,396.5700073242188,7202200.0,0.11320656108597285
403.7900085449219,409.1600036621094,401.010009765625,407.4599914550781,407.4599914550781,5392300.0,0.1655066974595842
401.5299987792969,401.55999755859375,390.3800048828125,398.0799865722656,398.0799865722656,5277700.0,0.16612074999999998
394.239990234375,399.1099853515625,385.70001220703125,386.6700134277344,386.6700134277344,4669200.0,0.09097914691943126
392.5299987792969,402.8699951171875,389.0499877929688,391.2900085449219,391.2900085449219,6801700.0,0.1759310679611647
,,,,,,0.15022880184331772
388.95001220703125,392.4200134277344,373.0199890136719,377.3800048828125,377.3800048828125,6697500.0,0.14126707616707618
382.7200012207031,386.0,366.6600036621094,367.4599914550781,367.4599914550781,4614300.0,0.1234328735632183
355.0899963378906,390.7300109863281,354.7200012207031,390.0299987792969,390.0299987792969,7068700.0,0.14062512437810928
386.6099853515625,391.2900085449219,375.5799865722656,390.7999877929688,390.7999877929688,4841600.0,0.19495561357702326
387.3299865722656,397.75,382.1300048828125,394.5199890136719,394.5199890136719,5035000.0,0.10354657210401899
391.6000061035156,395.0,383.7099914550781,386.239990234375,386.239990234375,3290400.0,0.11382313432835801
388.92999267578125,389.2200012207031,375.2099914550781,380.0299987792969,380.0299987792969,5356800.0,0.1281557416267941
386.0,386.1199951171875,364.6499938964844,368.0700073242188,368.0700073242188,6076800.0,0.14970748129675798
368.0,374.8200073242188,357.1700134277344,361.7300109863281,361.7300109863281,5325500.0,0.09813950617283954
360.4100036621094,362.0,350.20001220703125,350.260009765625,350.260009765625,5708400.0,0.08042119047619052
349.79998779296875,358.8599853515625,340.6700134277344,341.760009765625,341.760009765625,6428700.0,0.07801709006928408
357.69000244140625,364.1400146484375,350.510009765625,358.7900085449219,358.7900085449219,6520200.0,0.12424431554524358
356.20001220703125,367.0199890136719,353.29998779296875,356.7699890136719,356.7699890136719,4807800.0,0.15273033980582526
361.1900024414063,363.3599853515625,340.0,340.32000732421875,340.32000732421875,4819900.0,0.13495903614457821
338.7200012207031,341.32000732421875,329.82000732421875,331.010009765625,331.010009765625,5907800.0,0.13888242280285049
335.1000061035156,345.3599853515625,332.3599853515625,343.75,343.75,5460600.0,0.1471486419753085
348.20001220703125,359.989990234375,343.05999755859375,357.5299987792969,357.5299987792969,6982500.0,0.24812631578947325
359.70001220703125,373.30999755859375,354.8800048828125,371.3999938964844,371.3999938964844,5818300.0,0.2223449411764705
372.0,381.7999877929688,368.4700012207031,380.6000061035156,380.6000061035156,8324800.0,0.1668660056657222
378.0199890136719,381.8200073242188,368.9400024414063,374.5899963378906,374.5899963378906,4866500.0,0.23908337468982616
371.1400146484375,386.6600036621094,366.760009765625,382.9200134277344,382.9200134277344,4242800.0,0.19125536585365852
379.7699890136719,382.4599914550781,374.489990234375,374.489990234375,374.489990234375,3729000.0,0.09352750582750596
379.760009765625,379.760009765625,368.8999938964844,375.7099914550781,375.7099914550781,3888500.0,0.18967916666666657
377.0700073242188,377.6400146484375,366.42999267578125,373.8500061035156,373.8500061035156,3574500.0,0.13819662162162144
375.2300109863281,380.2799987792969,366.7300109863281,378.510009765625,378.510009765625,4323400.0,0.24213981900452455
384.3900146484375,396.5,380.3299865722656,391.8200073242188,391.8200073242188,5880700.0,0.17522511520737322
389.5499877929688,392.70001220703125,378.6300048828125,381.4700012207031,381.4700012207031,4023300.0,0.17252561247216025
383.5899963378906,384.0,373.6099853515625,374.5899963378906,374.5899963378906,4134700.0,0.1304574821852731
376.7999877929688,380.8699951171875,368.5,373.4700012207031,373.4700012207031,4644200.0,0.16237807228915638
373.5499877929688,396.0199890136719,373.1300048828125,391.5,391.5,7001800.0,0.20569752808988737
389.2999877929688,390.0,377.30999755859375,380.1499938964844,380.1499938964844,4234500.0,0.12661471962616813
374.1499938964844,376.4700012207031,362.7300109863281,368.3500061035156,368.3500061035156,4354900.0,0.12217002288329505
365.0,368.5400085449219,353.69000244140625,362.1499938964844,362.1499938964844,4948900.0,0.10672417840375574
361.9599914550781,362.5,354.8699951171875,355.8800048828125,355.8800048828125,4025200.0,0.13659564270152486
350.0,354.7799987792969,345.20001220703125,348.0,348.0,3777100.0,0.17755935960591118
355.9100036621094,359.4100036621094,342.25,344.1000061035156,344.1000061035156,3824300.0,0.12619726651480645
343.9200134277344,352.0,341.1600036621094,350.42999267578125,350.42999267578125,3231000.0,0.18247464454976287
350.95001220703125,352.0,339.8599853515625,341.1300048828125,341.1300048828125,4343800.0,0.11814114942528725
,,,,,,0.028850108932461874
340.0,342.3599853515625,331.6199951171875,337.8599853515625,337.8599853515625,5105000.0,0.17240880195599012
333.2200012207031,351.67999267578125,333.2200012207031,348.6099853515625,348.6099853515625,20906900.0,-0.0002454332552693283
245.1999969482422,248.6999969482422,212.50999450683597,226.19000244140625,226.19000244140625,133387500.0,0.01914522613065327
220.0,227.67999267578125,211.5200042724609,218.22000122070312,218.22000122070312,53501600.0,0.027914739229024918
220.17999267578125,226.2700042724609,210.0500030517578,215.5200042724609,215.5200042724609,37515100.0,0.06366772616136919
213.80999755859372,216.66000366210938,204.50999450683597,209.91000366210938,209.91000366210938,28152000.0,0.0439548314606742
208.8000030517578,209.1499938964844,198.27999877929688,198.3999938964844,198.3999938964844,20318100.0,0.07748296836982971
194.00999450683597,200.19000244140625,187.7700042724609,188.5399932861328,188.5399932861328,22298400.0,0.10179881235154405
191.55999755859372,201.47999572753903,185.6000061035156,199.5200042724609,199.5200042724609,21363200.0,0.056602955665024574
198.67999267578125,204.7100067138672,190.0,190.3600006103516,190.3600006103516,16391900.0,0.05251975903614456
191.7100067138672,200.2100067138672,190.00999450683597,199.4600067138672,199.4600067138672,14591600.0,0.2083377828054301
198.2899932861328,203.1999969482422,194.7700042724609,199.8699951171875,199.8699951171875,11839400.0,0.15871159090909065
197.6499938964844,204.3800048828125,191.00999450683597,204.00999450683597,204.00999450683597,12218800.0,0.09600630630630622
200.4499969482422,200.7100067138672,186.0,188.32000732421875,188.32000732421875,13971300.0,0.020718949771689487
186.75,187.2100067138672,175.80999755859375,180.97000122070312,180.97000122070312,17185500.0,0.142550688073394
177.66000366210938,183.1999969482422,172.3000030517578,173.10000610351562,173.10000610351562,14031300.0,0.06782361111111113
176.00999450683594,181.8699951171875,170.57000732421875,177.66000366210938,177.66000366210938,13883900.0,0.09771585903083702
176.08999633789062,180.9199981689453,165.5500030517578,166.3699951171875,166.3699951171875,12665500.0,0.13390334190231365
163.9600067138672,177.5800018310547,162.7100067138672,174.30999755859375,174.30999755859375,17662100.0,0.10988711111111125
177.16000366210938,187.7700042724609,176.00999450683594,187.63999938964844,187.63999938964844,13136300.0,0.008232696390658208
193.3000030517578,195.88999938964844,185.6999969482422,186.50999450683597,186.50999450683597,16145000.0,0.1241278280542986
189.1699981689453,191.3999938964844,185.1699981689453,190.55999755859372,190.55999755859372,9876700.0,-0.13334439359267744
186.72000122070312,187.6999969482422,176.27000427246094,177.19000244140625,177.19000244140625,9665600.0,0.05778774193548386
178.0500030517578,186.3000030517578,175.7100067138672,183.47999572753903,183.47999572753903,10448500.0,0.1338949656750572
185.8699951171875,190.19000244140625,179.77000427246094,186.3500061035156,186.3500061035156,10429400.0,0.15566258064516125
186.1499938964844,187.66000366210938,177.88999938964844,187.44000244140625,187.44000244140625,9602000.0,0.15605055928411643
182.0,184.0,177.1699981689453,180.33999633789062,180.33999633789062,7706400.0,0.12325558086560374
180.27999877929688,188.8699951171875,180.1699981689453,187.8300018310547,187.8300018310547,8522100.0,0.17670719101123572
186.4900054931641,192.33999633789062,183.08999633789062,191.3999938964844,191.3999938964844,8049900.0,0.1322348888888888
193.19000244140625,195.25,190.3699951171875,195.19000244140625,195.19000244140625,8586000.0,0.19092449438202214
,,,,,,0.2551949275362314
196.17999267578125,199.9499969482422,190.8000030517578,197.44000244140625,197.44000244140625,11398500.0,0.12932626050420173
198.6999969482422,202.7400054931641,191.66000366210938,192.91000366210938,192.91000366210938,8416200.0,0.17798471615720518
192.0200042724609,205.47000122070312,191.72000122070312,205.08999633789062,205.08999633789062,9623100.0,0.18546108695652141
200.13999938964844,202.9499969482422,198.0500030517578,198.97999572753903,198.97999572753903,7191800.0,0.1837307692307689
202.08999633789062,203.8699951171875,195.3800048828125,197.13999938964844,197.13999938964844,5372000.0,0.13665055432372517
194.8699951171875,199.6000061035156,193.0,198.6100006103516,198.6100006103516,4839500.0,0.14971666666666658
197.9499969482422,207.3800048828125,197.63999938964844,202.8300018310547,202.8300018310547,7244100.0,0.2566334128878285
200.6499938964844,201.69000244140625,192.5399932861328,192.7700042724609,192.7700042724609,6949000.0,0.12760043010752664
182.63999938964844,185.8600006103516,180.8500061035156,182.94000244140625,182.94000244140625,13065600.0,0.14637931034482768
177.07000732421875,179.08999633789062,168.9600067138672,169.69000244140625,169.69000244140625,10222400.0,0.11825619266055046
169.75,172.05999755859375,164.27999877929688,167.5399932861328,167.5399932861328,11555300.0,0.15959635193133026
169.25999450683594,183.8500061035156,168.52999877929688,180.11000061035156,180.11000061035156,12396000.0,0.2558677200902936
174.0,176.27000427246094,171.55999755859375,173.35000610351562,173.35000610351562,8201300.0,0.22105944206008593
173.6300048828125,179.64999389648438,173.33999633789062,175.50999450683594,175.50999450683594,12133400.0,0.25256577777777744
,,,,,,0.24627900432900407
177.60000610351562,178.6199951171875,169.8000030517578,170.91000366210938,170.91000366210938,12177600.0,0.10685320665083137
170.75,182.82000732421875,170.1999969482422,178.88999938964844,178.88999938964844,11992400.0,0.2005609699769052
180.5,182.75999450683597,175.8699951171875,181.7100067138672,181.7100067138672,9538200.0,0.12711885856079402
183.5,191.19000244140625,181.83999633789062,190.8500061035156,190.8500061035156,12424000.0,0.21260092165898611
191.7700042724609,191.77999877929688,182.38999938964844,189.13999938964844,189.13999938964844,8363900.0,0.2365519450800915
189.1999969482422,192.1999969482422,179.3699951171875,179.60000610351562,179.60000610351562,7185400.0,0.14965230769230767
179.5500030517578,180.6699981689453,175.10000610351562,178.36000061035156,178.36000061035156,5766800.0,0.10946948717948715
177.07000732421875,179.4499969482422,170.3000030517578,174.8699951171875,174.8699951171875,7894700.0,0.0697462222222223
176.49000549316406,180.10000610351562,174.27000427246094,179.9499969482422,179.9499969482422,5201600.0,0.022996651785714313
,,,,,,0.16712214611872153
176.27999877929688,185.9199981689453,172.67999267578125,185.8800048828125,185.8800048828125,7334300.0,0.06673569739952724
185.1999969482422,186.22000122070312,180.82000732421875,184.05999755859372,184.05999755859372,5753400.0,0.055913276231263444
184.2700042724609,190.2100067138672,183.5,189.2700042724609,189.2700042724609,6334500.0,0.14044115044247762
186.0200042724609,189.91000366210938,182.75,186.97999572753903,186.97999572753903,5835700.0,0.1938085011185679
184.72999572753903,184.9900054931641,176.88999938964844,177.33999633789062,177.33999633789062,6038800.0,0.15714295010845952
177.3300018310547,179.77999877929688,173.4199981689453,174.4499969482422,174.4499969482422,6845300.0,0.1906179361179361
170.5,179.17999267578125,169.6999969482422,176.55999755859375,176.55999755859375,12734400.0,0.06078533916849004
175.55999755859375,177.52000427246094,171.82000732421875,174.77999877929688,174.77999877929688,9039500.0,0.24073098591549283
175.5800018310547,189.22000122070312,174.55999755859375,189.1100006103516,189.1100006103516,16319100.0,0.24276710182767555
192.5,199.6699981689453,189.8000030517578,190.9199981689453,190.9199981689453,16322800.0,0.03152070588235295
193.0200042724609,201.97000122070312,188.3999938964844,201.6300048828125,201.6300048828125,28178700.0,0.061095999999999956
208.1699981689453,216.97000122070312,200.1000061035156,216.44000244140625,216.44000244140625,53920300.0,0.12064791154791168
214.3000030517578,224.32000732421875,211.5,223.8800048828125,223.8800048828125,23430100.0,0.060057528089887666
222.3800048828125,229.3500061035156,218.44000244140625,220.44000244140625,220.44000244140625,17805500.0,0.16710934782608705
221.30999755859372,225.22999572753903,216.3500061035156,218.50999450683597,218.50999450683597,10935200.0,0.14070044345897983
216.66000366210938,219.38999938964844,211.63999938964844,213.91000366210938,213.91000366210938,9508500.0,0.1371483588621443
216.47999572753903,227.77999877929688,214.5800018310547,226.75,226.75,10508400.0,0.14663444180522547
224.6000061035156,228.1000061035156,219.6699981689453,226.0200042724609,226.0200042724609,8972700.0,0.17968457831325257
223.2899932861328,230.75,222.3999938964844,224.8999938964844,224.8999938964844,9064900.0,0.11598154205607475
223.1000061035156,228.38999938964844,221.0,226.2100067138672,226.2100067138672,5525000.0,0.2835391111111111
222.75999450683597,228.1999969482422,220.8800048828125,221.4199981689453,221.4199981689453,6361300.0,0.21248977777777758
224.7899932861328,228.1000061035156,222.4199981689453,226.72999572753903,226.72999572753903,6400700.0,0.2181287305122499
227.67999267578125,232.07000732421875,225.0500030517578,229.91000366210938,229.91000366210938,7142700.0,0.21372649006622502
225.3000030517578,228.6199951171875,222.8699951171875,226.77999877929688,226.77999877929688,5539700.0,0.18599860139860125
227.4900054931641,241.9600067138672,226.41000366210938,233.4900054931641,233.4900054931641,10982100.0,0.20621912087912037
231.6199951171875,232.1999969482422,224.6499938964844,229.94000244140625,229.94000244140625,6181200.0,0.16105122494432061
236.9900054931641,244.5399932861328,236.6000061035156,244.1100006103516,244.1100006103516,9254800.0,0.08238917748917741
244.67999267578125,251.6199951171875,241.50999450683597,242.6999969482422,242.6999969482422,8780100.0,0.22708561320754686
244.80999755859372,249.41000366210938,243.75999450683597,249.3000030517578,249.3000030517578,6098500.0,0.0807099557522124
248.1100006103516,251.9900054931641,247.50999450683597,249.1100006103516,249.1100006103516,6527400.0,0.2559974943052382
247.16000366210938,249.2899932861328,244.02999877929688,245.69000244140625,245.69000244140625,5136800.0,0.24423936651583597
241.17999267578125,244.2400054931641,237.55999755859372,241.1499938964844,241.1499938964844,5627200.0,0.20317852348993293
241.9600067138672,246.47999572753903,239.27999877929688,245.1699981689453,245.1699981689453,5280400.0,0.29700510440835226
240.9499969482422,243.2899932861328,235.67999267578125,241.16000366210938,241.16000366210938,7504700.0,0.2711646666666657
232.5500030517578,233.47999572753903,224.58999633789062,226.5399932861328,226.5399932861328,8630100.0,0.23727855530474024
226.4600067138672,229.8999938964844,224.3000030517578,224.5500030517578,224.5500030517578,5276900.0,0.2627745370370367
225.66000366210938,234.1000061035156,223.94000244140625,229.6100006103516,229.6100006103516,5426300.0,0.30854230769230745
230.2400054931641,234.16000366210938,229.0,233.97999572753903,233.97999572753903,3766900.0,0.2746286407766986
233.6300048828125,236.9499969482422,223.1499938964844,223.27999877929688,223.27999877929688,5349800.0,0.20067108167770403
221.92999267578125,229.8699951171875,221.5200042724609,224.57000732421875,224.57000732421875,7109400.0,0.23159032258064496
226.66000366210938,229.7899932861328,218.7400054931641,220.6499938964844,220.6499938964844,5740400.0,0.24394584269662878
227.0,233.8800048828125,223.42999267578125,223.55999755859372,223.55999755859372,8615900.0,0.07381556603773591
220.72000122070312,230.3699951171875,219.47000122070312,230.0399932861328,230.0399932861328,7292900.0,0.16514478935698437
231.02999877929688,233.8800048828125,225.0399932861328,226.1100006103516,226.1100006103516,8155600.0,0.24733159090909068
,,,,,,0.27530906666666666
225.58999633789062,226.8500061035156,214.69000244140625,218.38999938964844,218.38999938964844,7469000.0,0.25766302895322885
220.2100067138672,229.3300018310547,218.2700042724609,228.9600067138672,228.9600067138672,8149300.0,0.1551744303797468
224.16000366210938,228.7400054931641,221.3000030517578,227.44000244140625,227.44000244140625,6737400.0,0.19426839506172813
229.6199951171875,234.77999877929688,229.6199951171875,233.57000732421875,233.57000732421875,6699600.0,0.21194099526066332
233.6100006103516,239.4900054931641,233.3699951171875,236.52999877929688,236.52999877929688,6047400.0,0.2527715568862274
226.5,227.69000244140625,217.72000122070312,218.1300048828125,218.1300048828125,8000100.0,0.22526328828828834
219.82000732421875,228.0,215.8000030517578,224.1199951171875,224.1199951171875,8230300.0,0.20206675191815818
230.47000122070312,242.2899932861328,229.1000061035156,235.3800048828125,235.3800048828125,19454100.0,0.18388397129186593
231.22000122070312,241.3600006103516,227.8300018310547,240.1300048828125,240.1300048828125,18871600.0,0.2403386634844866
245.0500030517578,245.25,235.75,243.6300048828125,243.6300048828125,17912400.0,0.16017194570135734
240.3699951171875,250.4900054931641,239.66000366210938,242.8500061035156,242.8500061035156,16037400.0,0.20917068557919602
242.6699981689453,248.3000030517578,236.67999267578125,236.8699951171875,236.8699951171875,9166800.0,0.21528432835820882
235.3500061035156,240.5,231.66000366210938,237.0500030517578,237.0500030517578,10018000.0,0.20189008810572667
235.13999938964844,236.4499969482422,221.42999267578125,226.41000366210938,226.41000366210938,11197800.0,0.21396713947990514
225.6000061035156,232.6999969482422,223.00999450683597,224.07000732421875,224.07000732421875,8234300.0,0.22477665903890146
228.6300048828125,230.63999938964844,220.72000122070312,224.3600006103516,224.3600006103516,7762200.0,0.2449604301075266
229.69000244140625,246.6499938964844,227.3800048828125,245.1999969482422,245.1999969482422,17579700.0,0.1014929440389292
241.6100006103516,246.97999572753903,235.67999267578125,239.7100067138672,239.7100067138672,18994900.0,0.11780440528634374
237.0,242.44000244140625,233.25999450683597,235.44000244140625,235.44000244140625,11841700.0,0.16107571115973718
237.8500061035156,241.5399932861328,232.8500061035156,239.0399932861328,239.0399932861328,8657400.0,0.25024139534883744
244.83999633789062,245.8000030517578,233.25,240.7400054931641,240.7400054931641,13925900.0,0.25380529801324514
238.75999450683597,241.58999633789062,227.3800048828125,236.72999572753903,236.72999572753903,10825600.0,0.34061977777777747
236.67999267578125,244.27999877929688,233.91000366210938,240.0200042724609,240.0200042724609,9188900.0,0.34181413276231265
235.7700042724609,237.3300018310547,224.27999877929688,224.75,224.75,9784800.0,0.22868408071748822
225.63999938964844,233.8300018310547,224.22999572753903,229.97999572753903,229.97999572753903,9991100.0,0.24878789954337893
226.0500030517578,230.44000244140625,213.6999969482422,214.2899932861328,214.2899932861328,15282400.0,0.227574311926605
214.3000030517578,223.6699981689453,212.63999938964844,220.8699951171875,220.8699951171875,12952600.0,0.16556461538461514
212.69000244140625,234.47000122070312,211.72999572753903,232.50999450683597,232.50999450683597,17505000.0,0.16488032036613257
237.8000030517578,238.8000030517578,229.50999450683597,230.0,230.0,15275700.0,0.2127499999999998
234.41000366210938,249.9199981689453,234.3999938964844,245.1000061035156,245.1000061035156,21057800.0,0.17528449999999973
249.8000030517578,250.3699951171875,237.72999572753903,240.8600006103516,240.8600006103516,25776700.0,0.07653965517241378
265.0,279.29998779296875,262.66000366210943,272.3800048828125,272.3800048828125,46685300.0,0.19194938574938547
272.77999877929693,278.3800048828125,266.3800048828125,268.16000366210943,268.16000366210943,17207100.0,0.21473093023255768
268.95001220703125,290.75,265.67999267578125,289.57000732421875,289.57000732421875,24862700.0,0.19191289592760175
290.2300109863281,290.489990234375,280.3599853515625,282.45001220703125,282.45001220703125,13326400.0,0.22786383442265729
286.95001220703125,297.5899963378906,285.54998779296875,291.0199890136719,291.0199890136719,15100700.0,0.25989030172413763
290.0400085449219,305.6300048828125,288.0400085449219,298.6199951171875,298.6199951171875,15714100.0,0.22771656050955366
,,,,,,0.18714999999999946
