Open,High,Low,Close,Adj Close,Volume,compound
34.97153854370117,35.55977249145508,34.93358612060547,35.370018005371094,31.63935852050781,25800339.0,0.14984457831325299
36.053131103515625,36.774192810058594,35.977230072021484,36.25237274169922,32.428653717041016,32212032.0,0.14946699029126195
36.44212341308594,36.83111953735352,36.33776092529297,36.50853729248047,32.657798767089844,22019430.0,0.1693452991452992
36.42314910888672,36.603416442871094,36.22390747070313,36.4041748046875,32.564441680908196,24539860.0,0.17467866666666662
36.70777893066406,36.94497299194336,36.42314910888672,36.42314910888672,32.58141326904297,19263220.0,0.251568309859155
36.72675323486328,36.755218505859375,36.08159255981445,36.08159255981445,32.275882720947266,17709730.0,0.36322828282828284
36.08159255981445,36.14800643920898,35.55028533935547,35.55977249145508,31.80909919738769,21688474.0,0.251589393939394
35.68311309814453,35.79696273803711,35.436431884765625,35.68311309814453,31.91943359375,18757722.0,0.28818527918781717
35.48387145996094,35.65464782714844,34.99051284790039,35.01897430419922,31.628082275390625,22727297.0,0.2564162162162161
34.99051284790039,35.25616836547852,34.94307327270508,35.15180206298828,31.748050689697266,26626886.0,0.2605915730337077
35.01897430419922,35.113853454589844,34.867172241210945,35.037952423095696,31.645227432250977,12542916.0,0.14205782312925175
34.94307327270508,35.189754486083984,34.819732666015625,35.07590103149414,31.679502487182614,13338370.0,0.13708938775510204
35.05692672729492,35.05692672729492,34.44022750854492,34.724857330322266,31.362445831298828,25855252.0,0.18890947368421057
34.68690872192383,34.876659393310554,34.45920181274414,34.677417755126946,31.319602966308594,25190600.0,0.22213779069767445
34.75332260131836,35.55028533935547,34.648956298828125,35.370018005371094,31.94513893127441,36378810.0,0.1987223404255319
35.47438430786133,35.52182388305664,35.06641387939453,35.31309127807617,31.893718719482425,18084532.0,0.23603443708609265
35.51233291625977,35.74952697753906,35.4079704284668,35.73054885864258,32.270763397216804,26475110.0,0.2215219780219781
35.64516067504883,35.75901412963867,35.113853454589844,35.15180206298828,31.748050689697266,19947582.0,0.2880500000000001
35.30360412597656,35.9962043762207,35.14231491088867,35.806453704833984,32.339309692382805,20942664.0,0.226410820895522
35.85388946533203,36.44212341308594,35.75901412963867,36.3662223815918,32.844879150390625,25544006.0,0.189909090909091
36.50853729248047,36.88804626464844,36.48007583618164,36.69829177856445,33.144786834716804,31592385.0,0.12792647058823536
36.56546401977539,36.6129035949707,36.10057067871094,36.32827377319336,32.81060791015625,34620633.0,0.013315624999999913
36.41366195678711,36.72675323486328,36.3662223815918,36.65085220336914,33.101943969726555,19201034.0,0.17407719298245614
,,,,,,0.13907162162162165
36.56546401977539,36.88804626464844,36.53700256347656,36.54648971557617,33.00769424438477,9793873.0,0.09952625000000001
36.80265808105469,36.8121452331543,36.290321350097656,36.32827377319336,32.81060791015625,15645998.0,0.12901185185185182
36.01517868041992,36.24288558959961,35.901329040527344,36.10057067871094,32.60494613647461,20869832.0,0.31668169934640505
36.27134704589844,36.29980850219727,35.948768615722656,36.18595886230469,32.68206787109375,14501248.0,0.24312722513088975
36.4041748046875,36.4041748046875,35.85388946533203,36.08159255981445,32.58781051635742,13098058.0,0.19657132867132868
36.31878662109375,36.54648971557617,36.26185989379883,36.32827377319336,32.81060791015625,12868708.0,0.17937228915662656
36.14800643920898,36.41366195678711,36.14800643920898,36.35673522949219,32.83630752563477,15641571.0,0.12806863636363636
36.30929946899414,36.603416442871094,36.2333984375,36.50853729248047,32.97341537475586,19171311.0,0.1322348314606741
36.4041748046875,36.59392929077149,36.24288558959961,36.26185989379883,32.750621795654304,15569372.0,0.27283251231527095
36.21442031860352,36.64136505126953,36.21442031860352,36.56546401977539,33.024829864501946,13414469.0,0.3402596385542166
36.54648971557617,36.69829177856445,36.119544982910156,36.3662223815918,32.844879150390625,16678496.0,0.22480324074074076
36.71726989746094,37.38140487670898,36.67931747436523,37.13472366333008,33.53896331787109,24187824.0,0.1602219387755103
37.41935348510742,37.41935348510742,36.850093841552734,36.907020568847656,33.33331298828125,29038016.0,0.19317402597402586
37.01138687133789,37.07780075073242,36.660343170166016,36.89753341674805,33.32474899291992,27339390.0,0.17453414634146341
37.00189971923828,37.14421463012695,36.821632385253906,36.97343444824219,33.393299102783196,22022276.0,0.19206928104575163
37.33396530151367,37.51423263549805,36.97343444824219,37.220115661621094,33.6160888671875,58199772.0,0.2866359154929578
37.4003791809082,37.49525451660156,37.12523651123047,37.30550384521485,33.69320678710937,17454345.0,0.2026045871559633
37.31499099731445,37.41935348510742,37.191650390625,37.27703857421875,33.66750717163086,5187683.0,0.08791132075471698
,,,,,,0.13916603773584907
37.286529541015625,37.54269409179688,37.191650390625,37.36243057250977,33.74462127685547,9384078.0,0.17727127659574463
37.40986633300781,37.59013366699219,37.23908996582031,37.30550384521485,33.69320678710937,10117662.0,0.020540579710144932
37.286529541015625,37.4003791809082,36.89753341674805,36.91650772094727,33.341880798339844,11554264.0,0.22283604651162792
36.80265808105469,37.191650390625,36.72675323486328,37.17267608642578,33.573246002197266,15175703.0,0.21365
,,,,,,0.1740821428571429
37.286529541015625,37.33396530151367,36.88804626464844,37.13472366333008,33.53896331787109,16514072.0,0.23407619047619047
36.736244201660156,37.2296028137207,36.68880462646485,36.93548583984375,33.359020233154304,14922848.0,0.2840972477064222
36.83111953735352,37.00189971923828,36.71726989746094,36.88804626464844,33.316177368164055,15771951.0,0.22062666666666675
37.11574935913086,37.12523651123047,36.69829177856445,36.76470565795898,33.204784393310554,20108107.0,0.21218630952380962
36.774192810058594,37.21062469482422,36.76470565795898,37.05882263183594,33.470420837402344,16403507.0,0.20678720930232553
37.25806427001953,37.25806427001953,36.80265808105469,36.89753341674805,33.32474899291992,21971895.0,0.1387006329113924
36.9829216003418,37.5996208190918,36.97343444824219,37.466793060302734,33.838882446289055,21557357.0,0.19919017341040465
37.59013366699219,37.73244857788086,37.20113754272461,37.390892028808594,33.77032852172852,15392405.0,0.2648508547008547
37.40986633300781,38.02656555175781,37.286529541015625,38.0170783996582,34.33588409423828,20919160.0,0.18995219780219777
38.13093185424805,38.77609252929688,38.11195373535156,38.58633804321289,34.850025177001946,23925800.0,0.2103476744186046
38.700191497802734,38.70967864990234,38.25426864624024,38.52941131591797,34.79860305786133,16216422.0,0.20031609195402308
38.49146270751953,38.71916580200195,38.34914779663086,38.43453598022461,34.71292495727539,23083970.0,0.16251494252873566
,,,,,,0.0989
38.311195373535156,38.57685089111328,38.13093185424805,38.27324676513672,34.567245483398445,23115696.0,0.14128835616438357
38.25426864624024,38.339656829833984,37.92219924926758,38.13093185424805,34.438720703125,18097812.0,0.15220140845070415
38.13093185424805,38.73814010620117,38.07400512695313,38.62428665161133,34.884292602539055,27148510.0,0.2327750000000001
38.842506408691406,38.87096786499024,37.609107971191406,37.779884338378906,34.121658325195305,34143698.0,0.1912889423076923
37.390892028808594,38.35863494873047,37.23908996582031,38.10246658325195,34.41300201416016,31964026.0,0.14330326086956524
37.30550384521485,37.466793060302734,36.00569152832031,36.18595886230469,32.68206787109375,70202408.0,0.15735894736842104
36.16698455810547,36.41366195678711,35.62618637084961,35.65464782714844,32.202205657958984,34165726.0,0.21234874999999995
35.199241638183594,35.265655517578125,34.810245513916016,35.1707763671875,32.08966827392578,32316589.0,0.12943701298701296
35.047439575195305,35.531307220458984,35.00948715209961,35.332069396972656,32.23683547973633,33894005.0,0.19199503105590066
35.54079818725586,36.09108352661133,35.38899230957031,35.588233947753906,32.47056198120117,20875735.0,0.13290066666666667
36.12903213500977,36.28083419799805,35.70208740234375,35.75901412963867,32.62637710571289,31150865.0,0.12058679245283026
35.91081619262695,36.59392929077149,35.882354736328125,36.21442031860352,33.04188919067383,29443490.0,0.19850394736842106
36.47058868408203,36.52751541137695,36.08159255981445,36.29980850219727,33.119800567626946,21047748.0,0.1530854368932039
36.39468765258789,36.43263626098633,35.986717224121094,36.10057067871094,32.938011169433594,21903596.0,0.18658504672897194
36.25237274169922,36.26185989379883,35.7874755859375,35.87286376953125,32.73025131225586,19998385.0,0.11961500000000007
35.948768615722656,36.17647171020508,35.8254280090332,36.138519287109375,32.97263717651367,16027335.0,0.1738260869565217
36.138519287109375,36.2333984375,35.7874755859375,35.806453704833984,32.669662475585945,22944315.0,0.1913037735849056
35.65464782714844,35.65464782714844,35.0,35.037952423095696,31.96848297119141,22099745.0,0.20074000000000006
35.07590103149414,35.14231491088867,34.55408096313477,34.63946914672852,31.60491371154785,21006747.0,0.25083846153846145
,,,,,,0.20078793103448278
34.677417755126946,34.791271209716804,34.41176605224609,34.45920181274414,31.440431594848636,17988513.0,0.22781721311475422
34.53510284423828,34.629981994628906,34.35483932495117,34.37381362915039,31.36252403259277,17750941.0,0.15313437500000002
33.880455017089844,34.2125244140625,33.5958251953125,34.013282775878906,31.033580780029297,42953135.0,0.2145
33.92789459228516,33.98482131958008,33.709678649902344,33.889942169189446,30.921039581298828,32425256.0,0.16859793103448267
33.244781494140625,33.58633804321289,32.82732391357422,32.89373779296875,30.01211357116699,37969296.0,0.12139255319148938
32.90322494506836,32.96015167236328,31.9829216003418,32.191650390625,29.371524810791016,41878898.0,0.16501754385964915
32.485767364501946,33.40607070922852,32.27703857421875,32.941177368164055,30.05539131164551,47920005.0,0.22351528662420378
32.675521850585945,33.880455017089844,32.35293960571289,32.35293960571289,29.518688201904297,55444827.0,0.062064426877470366
31.77419471740723,32.20113754272461,30.863378524780273,31.70778083801269,28.9300479888916,66057447.0,0.20470211864406776
32.17267608642578,33.159393310546875,31.736242294311523,33.092979431152344,30.19389724731445,42034469.0,0.15638409893992922
33.377609252929695,33.94686889648437,32.12523651123047,32.542694091796875,29.69181823730469,46174475.0,0.21259953703703705
33.301708221435554,34.592029571533196,33.159393310546875,34.53510284423828,31.509685516357425,38712155.0,0.12029302325581394
33.82352828979492,34.326377868652344,33.35863494873047,33.643264770507805,30.69597816467285,35096303.0,0.12711176470588234
32.92219924926758,33.36812210083008,32.37191772460937,33.22580718994141,30.31509017944336,40931036.0,0.15609757575757574
31.74573135375977,32.91271209716797,31.461101531982425,32.03036117553711,29.224369049072266,43183856.0,0.18244876543209887
32.79886245727539,32.88425064086914,31.31878662109375,32.81783676147461,29.942859649658203,40548329.0,0.14464107142857138
32.03036117553711,32.144214630126946,30.03795051574707,30.52182197570801,27.84798622131348,65350213.0,0.13076947368421057
28.918405532836914,30.360530853271484,28.46299743652344,28.48197364807129,25.98683357238769,62731445.0,0.1156012195121952
29.667932510375977,31.195446014404297,28.68121337890625,31.03415679931641,28.315433502197266,60553038.0,0.11953149171270727
28.40607261657715,30.62618637084961,28.13092994689941,28.63377571105957,26.12533950805664,50995050.0,0.08193254437869822
30.01897430419922,30.977230072021484,29.02276992797852,30.5123348236084,27.83932685852051,54220606.0,0.10311827956989245
29.19354820251465,30.93927955627441,28.757116317749023,30.70208740234375,28.01245880126953,43884976.0,0.1050796812749004
30.56925964355469,30.59772300720215,28.47248649597168,28.861480712890625,26.33309555053711,59820929.0,0.22195744680851065
28.72865295410156,29.09867286682129,27.428842544555664,27.523719787597656,25.112529754638672,52488989.0,0.133197641509434
27.28652763366699,28.064516067504886,26.45161247253418,27.03036117553711,24.662389755249023,52853041.0,0.2209139896373058
27.99810218811035,28.51043510437012,27.41935539245605,28.17836761474609,25.709827423095703,44466784.0,0.16287454545454555
27.988615036010746,29.14611053466797,27.51423072814941,28.22580528259277,25.75310516357422,44601275.0,0.16664484536082477
28.35863494873047,30.351043701171875,28.34914588928223,30.12334060668945,27.48440933227539,43269967.0,0.10355449735449736
29.22201156616211,30.11385154724121,29.08918380737305,29.3168888092041,26.74860763549805,38290344.0,0.13443149999999998
29.45920372009277,31.16698265075684,29.45920372009277,30.996204376220703,28.28080749511719,29943508.0,0.2578243243243242
30.74003791809082,31.30929756164551,30.58823585510254,30.967742919921875,28.254840850830078,29466151.0,0.11511040462427749
30.284629821777344,30.62618637084961,29.91461181640625,30.12334060668945,27.48440933227539,26709625.0,0.12331747211895909
30.265655517578125,31.30929756164551,30.12334060668945,31.18595886230469,28.45394325256348,27186876.0,0.19688075471698083
30.958253860473636,32.153701782226555,30.958253860473636,31.9165096282959,29.120492935180664,32837370.0,0.26558798076923085
32.18216323852539,33.111953735351555,32.04933547973633,32.79886245727539,29.925546646118164,40503217.0,0.11303137254901957
33.206832885742195,33.36812210083008,31.869070053100586,31.88804626464844,29.094520568847656,24226295.0,0.19372176470588226
32.24857711791992,33.017078399658196,31.726755142211914,32.82732391357422,29.95151138305664,25523980.0,0.1864727272727272
33.235294342041016,33.93738174438477,33.06451416015625,33.57685089111328,30.6353759765625,30648107.0,0.1747566978193145
,,,,,,0.21101444444444437
34.117645263671875,34.13662338256836,32.941177368164055,33.339656829833984,30.418960571289066,18270141.0,0.15668588957055213
34.089183807373054,34.75332260131836,33.52941131591797,34.573055267333984,31.54431915283203,21845309.0,0.13067674418604644
34.2125244140625,34.37381362915039,33.75711441040039,34.12713623046875,31.1374626159668,21312196.0,0.28337682119205276
34.26945114135742,34.402278900146484,33.75711441040039,34.04174423217773,31.05954742431641,20657451.0,0.04190150375939852
34.629981994628906,35.10436248779297,34.259960174560554,35.01897430419922,31.9511661529541,24404843.0,0.1785806896551725
34.516128540039055,35.01897430419922,34.23149871826172,34.23149871826172,31.232669830322266,22530620.0,0.12550621118012423
33.94686889648437,34.089183807373054,33.557876586914055,33.79506683349609,30.834476470947266,23975233.0,0.2942916666666668
35.06641387939453,35.10436248779297,34.26945114135742,34.39278793334961,31.37983703613281,20182624.0,0.20626919831223622
34.421253204345696,35.48387145996094,34.421253204345696,34.810245513916016,31.760723114013672,20185365.0,0.22055139664804452
34.952560424804695,35.51233291625977,34.89563751220703,35.46489715576172,32.35802459716797,17353794.0,0.22633730569948185
35.66413879394531,36.56546401977539,35.64516067504883,36.3662223815918,33.18039321899414,23394057.0,0.15959846625766844
37.04933547973633,37.21062469482422,35.46489715576172,35.967742919921875,32.816818237304695,35666728.0,0.14014267515923556
36.48956298828125,36.574951171875,35.77798843383789,36.16698455810547,32.998607635498054,26518535.0,0.14670939849624057
36.053131103515625,36.53700256347656,35.445919036865234,36.39468765258789,33.20636367797852,29450973.0,0.17249576271186443
35.91081619262695,35.9962043762207,35.47438430786133,35.71157455444336,32.583091735839844,22679867.0,0.21593972602739703
35.673622131347656,35.977230072021484,35.49335861206055,35.69260025024414,32.565784454345696,19893512.0,0.27445892857142845
36.821632385253906,36.86906814575195,36.30929946899414,36.53700256347656,33.336212158203125,24123952.0,0.25019562499999987
36.97343444824219,37.01138687133789,36.53700256347656,36.53700256347656,33.336212158203125,24047432.0,0.18049999999999994
36.44212341308594,36.518028259277344,35.0,35.06641387939453,32.31330108642578,33546080.0,0.21854334975369452
35.341556549072266,35.46489715576172,35.14231491088867,35.31309127807617,32.540611267089844,19893618.0,0.24578411214953247
35.341556549072266,36.25237274169922,35.25616836547852,36.14800643920898,33.30997848510742,25620421.0,0.20259731182795682
36.16698455810547,36.28083419799805,35.426944732666016,35.445919036865234,32.66301727294922,19335314.0,0.23483087557603669
35.39848327636719,35.502845764160156,34.715370178222656,35.15180206298828,32.39198684692383,24596882.0,0.1422028436018958
34.91461181640625,36.01517868041992,34.89563751220703,35.977230072021484,33.152610778808594,22362507.0,0.24079141104294488
36.01517868041992,36.21442031860352,35.47438430786133,35.8254280090332,33.012725830078125,25460002.0,0.2535361313868612
36.37571334838867,36.48956298828125,35.70208740234375,36.119544982910156,33.283748626708984,22635177.0,0.26368510638297843
35.91081619262695,36.07210540771485,35.39848327636719,35.74952697753906,32.942779541015625,19476234.0,0.17321991701244804
36.00569152832031,36.24288558959961,35.62618637084961,35.70208740234375,32.89907073974609,17504200.0,0.17347272727272728
35.64516067504883,35.72106170654297,35.15180206298828,35.351043701171875,32.57558822631836,17652181.0,0.18001883116883113
35.2087287902832,35.60721206665039,35.06641387939453,35.5787467956543,32.785415649414055,15781226.0,0.08425291970802923
,,,,,,0.14396888888888892
35.72106170654297,35.92979049682617,35.531307220458984,35.56925964355469,32.77666473388672,23260094.0,0.13567257142857148
35.49335861206055,35.61669921875,35.07590103149414,35.49335861206055,32.70673370361328,25904158.0,0.1415344594594595
35.901329040527344,36.47058868408203,35.7874755859375,36.22390747070313,33.379920959472656,22521767.0,0.1814387665198237
36.30929946899414,36.46110153198242,35.65464782714844,36.2333984375,33.388660430908196,48333067.0,0.0649608391608392
33.68121337890625,33.899429321289055,33.12144088745117,33.643264770507805,31.00189018249512,76884979.0,0.047004411764705815
33.709678649902344,34.30739974975586,33.44402313232422,34.30739974975586,31.61387825012207,42690900.0,0.13271570247933867
34.430740356445305,34.54459381103516,33.719165802001946,34.30739974975586,31.61387825012207,38751996.0,0.11671471698113209
33.880455017089844,34.430740356445305,33.870967864990234,34.165084838867195,31.48273849487305,27013388.0,0.2537794326241134
34.38330078125,34.620494842529304,34.04174423217773,34.14611053466797,31.46525382995605,36705655.0,0.19028283582089536
33.965843200683594,34.724857330322266,33.851993560791016,34.715370178222656,31.98982048034668,30194149.0,0.1376556451612903
34.629981994628906,34.781784057617195,34.31688690185547,34.35483932495117,31.65760040283203,21675088.0,0.14761554054054057
34.497154235839844,34.582542419433594,34.051231384277344,34.079696655273445,31.404052734375,29557217.0,0.17345409836065592
33.776092529296875,33.851993560791016,31.574953079223636,31.59392738342285,29.11344718933105,63166642.0,0.16627902439024395
32.33396530151367,32.35293960571289,31.35673522949219,32.0208740234375,29.50687599182129,37902472.0,0.0675515267175572
31.59392738342285,31.99241065979004,31.08159446716309,31.65085411071777,29.165904998779297,36247482.0,0.23784863013698626
31.869070053100586,32.22011566162109,31.043643951416016,31.688804626464844,29.200876235961914,55616945.0,0.050137391304347835
31.869070053100586,32.03984832763672,31.612903594970703,31.840606689453125,29.34075927734375,27509822.0,0.12917794871794866
31.565465927124023,31.75521850585937,31.29032325744629,31.53700256347656,29.060991287231445,32278855.0,0.19990202020202005
31.963947296142575,32.01138687133789,31.42314910888672,31.70778083801269,29.218360900878906,43986266.0,0.19858354430379765
31.62239074707031,31.65085411071777,31.22390937805176,31.41366195678711,28.94733428955078,23332503.0,0.11891229946524069
31.49905014038086,31.546489715576172,31.062618255615234,31.09108161926269,28.650081634521484,37690408.0,0.13723192771084336
31.03415679931641,31.053131103515625,30.360530853271484,30.54079627990723,28.142995834350586,30817695.0,0.21944764397905764
30.46489524841309,30.7210636138916,30.199241638183594,30.66413688659668,28.25665283203125,27418651.0,0.2178020979020979
30.59772300720215,30.62618637084961,29.99051284790039,30.398481369018555,28.011857986450195,42153992.0,0.18103902439024383
30.796964645385746,30.996204376220703,30.55028533935547,30.967742919921875,28.53642463684082,23956261.0,0.2260862222222218
30.863378524780273,31.195446014404297,30.57874870300293,31.024667739868164,28.58888053894043,25451676.0,0.08995740740740736
32.770397186279304,32.770397186279304,31.99241065979004,32.01138687133789,29.498130798339844,73503009.0,0.24844231884057952
32.846298217773445,33.06451416015625,32.296016693115234,32.74193572998047,30.171327590942386,45270881.0,0.1875062068965517
,,,,,,0.22869112426035504
33.159393310546875,33.197341918945305,32.618595123291016,32.74193572998047,30.171327590942386,27150935.0,0.14658688524590155
32.305503845214844,32.590133666992195,32.22011566162109,32.286529541015625,29.75166893005371,25148018.0,0.18922599999999995
32.26755142211914,32.60910797119141,31.85009574890137,32.0208740234375,29.50687599182129,24256545.0,0.16559189189189188
32.00189971923828,32.144214630126946,31.4041748046875,31.74573135375977,29.253332138061523,20363702.0,0.19163564356435653
31.93548393249512,32.296016693115234,31.77419471740723,32.09677505493164,29.576818466186523,24459019.0,0.2274171568627451
32.95066452026367,33.889942169189446,32.75142288208008,33.40607070922852,30.783321380615234,56569129.0,0.21023196202531655
33.557876586914055,33.60531234741211,33.092979431152344,33.425048828125,30.80080223083496,32854129.0,0.18470416666666667
34.14611053466797,34.15559768676758,33.65275192260742,33.889942169189446,31.229196548461914,26294454.0,0.204746
33.776092529296875,33.814041137695305,33.45351028442383,33.776092529296875,31.124282836914066,18421812.0,0.17462386363636365
34.02276992797852,34.468692779541016,33.899429321289055,34.39278793334961,31.69256401062012,23347365.0,0.13062553191489357
35.56925964355469,35.69260025024414,34.45920181274414,34.629981994628906,31.911142349243164,36815693.0,0.19172840579710132
35.047439575195305,35.18026733398437,34.648956298828125,34.810245513916016,32.07724380493164,23588520.0,0.19754841772151902
36.27134704589844,36.74573135375977,35.59772109985352,36.58443832397461,33.712146759033196,90705554.0,0.242622039473684
37.220115661621094,37.4003791809082,36.22390747070313,36.44212341308594,33.58100128173828,59639536.0,0.2473414110429445
36.08159255981445,36.1954460144043,35.417457580566406,35.73054885864258,32.925296783447266,33870501.0,0.13436416382252558
35.445919036865234,35.815940856933594,35.32258224487305,35.61669921875,32.82037734985352,27640307.0,0.2655223756906073
36.56546401977539,37.32447814941406,36.11005783081055,37.0208740234375,34.114315032958984,56393954.0,0.10994853420195441
37.286529541015625,37.4288444519043,36.48007583618164,37.24857711791992,34.324142456054695,37033660.0,0.1411710144927535
36.31878662109375,36.94497299194336,36.24288558959961,36.755218505859375,34.200550079345696,32273796.0,0.07402694174757284
36.31878662109375,36.76470565795898,35.92030334472656,36.50853729248047,33.97101593017578,28472124.0,0.10719300291545196
36.63187789916992,36.67931747436523,36.26185989379883,36.38520050048828,33.856250762939446,31036400.0,0.16059793103448292
36.34724807739258,36.69829177856445,36.138519287109375,36.42314910888672,33.891555786132805,29448549.0,0.12578000000000006
36.49905014038086,36.55597686767578,36.17647171020508,36.48007583618164,33.944530487060554,24292697.0,0.24334350877192978
36.7836799621582,37.09677505493164,36.1954460144043,36.30929946899414,33.78562164306641,20922111.0,0.2545522900763359
36.33776092529297,36.64136505126953,36.204933166503906,36.48007583618164,33.944530487060554,23097251.0,0.23403299999999988
36.574951171875,36.67931747436523,36.29980850219727,36.42314910888672,33.891555786132805,19964552.0,0.12634423076923068
36.58443832397461,36.603416442871094,35.74003982543945,35.85388946533203,33.361865997314446,21326847.0,0.07371740412979347
35.89184188842773,36.574951171875,35.87286376953125,36.3662223815918,33.838592529296875,19957595.0,0.25214163822525587
36.119544982910156,36.22390747070313,35.93927764892578,36.21442031860352,33.697338104248054,15340021.0,0.24973348017621125
36.06261825561523,36.42314910888672,35.986717224121094,36.11005783081055,33.600234985351555,12901276.0,0.14033068181818184
36.09108352661133,36.44212341308594,36.00569152832031,36.38520050048828,33.856250762939446,17494187.0,0.13687387387387384
36.48007583618164,36.48956298828125,36.21442031860352,36.39468765258789,33.865074157714844,10846398.0,0.17472054794520542
36.50853729248047,36.63187789916992,36.16698455810547,36.29980850219727,33.77679443359375,15690055.0,0.17307962962962956
36.22390747070313,36.80265808105469,36.17647171020508,36.736244201660156,34.182891845703125,21957455.0,0.23122412790697625
36.91650772094727,37.00189971923828,36.59392929077149,36.88804626464844,34.324146270751946,25467170.0,0.14981802325581384
37.0208740234375,37.03984832763672,36.56546401977539,36.850093841552734,34.28882598876953,25011947.0,0.10244521963824292
36.53700256347656,36.58443832397461,36.00569152832031,36.44212341308594,33.909210205078125,26221201.0,0.17544723127035827
36.2333984375,36.30929946899414,35.73054885864258,36.10057067871094,33.59140014648437,24083689.0,0.22229629629629608
36.01517868041992,36.053131103515625,35.74952697753906,35.92030334472656,33.42366409301758,22156556.0,0.0325718085106383
35.92979049682617,36.11005783081055,35.48387145996094,35.967742919921875,33.467803955078125,32830519.0,0.12565592105263157
35.901329040527344,36.07210540771485,35.5787467956543,35.85388946533203,33.361865997314446,30032465.0,0.0788890577507599
35.85388946533203,35.882354736328125,34.63946914672852,34.99051284790039,32.55849838256836,36145560.0,0.12512847222222215
34.88614654541016,35.38899230957031,34.53510284423828,35.29411697387695,32.84100341796875,29068688.0,0.201147435897436
35.455406188964844,35.56925964355469,34.250473022460945,34.53510284423828,32.13474273681641,35956788.0,0.17561920529801345
34.620494842529304,34.75332260131836,34.032257080078125,34.497154235839844,32.09943389892578,26872257.0,0.1603252525252524
,,,,,,0.18117599999999986
34.65844345092773,34.734344482421875,33.851993560791016,34.089183807373054,31.71982002258301,26736818.0,0.2341012048192768
34.430740356445305,34.77229690551758,34.28842544555664,34.326377868652344,31.94052505493164,27490533.0,0.15053746223564957
34.345352172851555,34.45920181274414,33.75711441040039,33.82352828979492,31.47262382507324,21650741.0,0.2293742358078603
33.90891647338867,34.259960174560554,33.633777618408196,34.22201156616211,31.84341239929199,24109301.0,0.21106728110599066
34.497154235839844,35.61669921875,34.421253204345696,35.113853454589844,32.67325973510742,29565543.0,0.3093587570621458
35.284629821777344,35.436431884765625,34.92409896850586,35.06641387939453,32.62911605834961,22003726.0,0.17235514511873365
35.370018005371094,35.39848327636719,34.83871078491211,34.89563751220703,32.47022247314453,22208412.0,0.2361282312925172
34.89563751220703,35.07590103149414,34.677417755126946,34.93358612060547,32.50553131103516,17894390.0,0.10468039772727274
34.89563751220703,35.1707763671875,34.696395874023445,34.75332260131836,32.33779525756836,31694623.0,0.08417203947368415
34.506641387939446,34.611007690429695,33.56736373901367,34.174571990966804,31.799272537231445,26608968.0,0.13782611940298506
33.975330352783196,34.468692779541016,33.90891647338867,34.39278793334961,32.0023193359375,22727297.0,0.19856748971193428
34.47817611694336,34.516128540039055,34.12713623046875,34.15559768676758,31.78161430358887,23102521.0,0.10917661016949161
34.108158111572266,34.193546295166016,33.719165802001946,33.92789459228516,31.569738388061523,20859925.0,0.15909619047619056
33.719165802001946,34.29791259765625,33.70019149780273,34.20303726196289,31.82575798034668,14365598.0,0.21212167487684708
34.30739974975586,34.705883026123054,34.30739974975586,34.52561569213867,32.12591552734375,15044269.0,0.2306242009132419
34.56356811523437,34.667930603027344,34.18405914306641,34.31688690185547,31.93169212341309,13512491.0,0.17545288888888877
34.41176605224609,35.06641387939453,34.39278793334961,34.819732666015625,32.39958953857422,22629275.0,0.16471626984126972
35.01897430419922,35.189754486083984,34.30739974975586,34.506641387939446,32.10825729370117,22520396.0,0.16267953667953675
34.2125244140625,34.781784057617195,34.18405914306641,34.516128540039055,32.11708450317383,21461759.0,0.21398472906403937
34.65844345092773,34.99051284790039,34.47817611694336,34.867172241210945,32.44373321533203,19400029.0,0.14672918454935618
35.10436248779297,35.132827758789055,34.24098587036133,34.31688690185547,31.93169212341309,25233392.0,0.08078155619596539
34.402278900146484,34.715370178222656,34.18405914306641,34.601516723632805,32.19654083251953,22160034.0,0.12147218750000006
34.724857330322266,35.27514266967773,34.63946914672852,35.0,32.567325592041016,17857395.0,0.20621977186311782
34.94307327270508,35.21821594238281,34.715370178222656,34.90512466430664,32.479042053222656,23667465.0,0.056804905660377346
34.819732666015625,35.27514266967773,34.601516723632805,34.93358612060547,32.50553131103516,19413837.0,0.11315318181818183
34.791271209716804,35.22770309448242,34.75332260131836,35.00948715209961,32.576156616210945,21543233.0,0.1205956
35.113853454589844,35.38899230957031,34.696395874023445,34.97153854370117,32.54084014892578,22120298.0,0.11988038277511952
34.75332260131836,34.85768508911133,34.54459381103516,34.677417755126946,32.267166137695305,16089205.0,0.13740096463022505
35.1707763671875,36.16698455810547,35.123340606689446,36.00569152832031,33.50311279296875,42993503.0,0.19542509960159352
36.45161437988281,36.85958480834961,35.71157455444336,35.86337661743164,33.37069702148437,31931352.0,0.230186111111111
35.92979049682617,35.948768615722656,35.436431884765625,35.56925964355469,33.09701538085937,22384852.0,0.19886268656716433
35.436431884765625,35.531307220458984,35.16128921508789,35.18026733398437,32.735061645507805,18984859.0,0.22901884057971
35.18026733398437,35.64516067504883,35.132827758789055,35.51233291625977,33.044044494628906,19243616.0,0.19767338403041815
35.986717224121094,36.31878662109375,35.72106170654297,36.22390747070313,33.706165313720696,30557884.0,0.20256079136690633
35.92979049682617,36.07210540771485,35.55977249145508,35.977230072021484,33.47663116455078,33783124.0,0.13341372549019598
35.14231491088867,36.16698455810547,34.98102569580078,35.51233291625977,33.044044494628906,36851529.0,0.16848672566371664
34.91461181640625,35.22770309448242,33.51043701171875,33.633777618408196,31.296056747436523,33857537.0,0.1607014492753622
33.66223907470703,33.814041137695305,32.82732391357422,33.472484588623054,31.145980834960934,27545341.0,0.12420270270270266
33.43453598022461,33.709678649902344,33.05502700805664,33.66223907470703,31.32254409790039,25631067.0,0.1629503649635037
34.089183807373054,34.39278793334961,33.719165802001946,34.37381362915039,31.984661102294922,21430666.0,0.12283663366336642
34.56356811523437,34.743831634521484,34.23149871826172,34.335861206054695,31.94934844970703,21636617.0,0.2044266968325792
35.16128921508789,36.16698455810547,35.06641387939453,35.417457580566406,32.95576858520508,40870536.0,0.236821052631579
35.341556549072266,35.38899230957031,34.52561569213867,34.52561569213867,32.456302642822266,33926995.0,0.1434694915254238
34.52561569213867,34.83871078491211,34.24098587036133,34.53510284423828,32.465221405029304,23870676.0,0.2327704225352113
39.715370178222656,39.83871078491211,36.41366195678711,37.191650390625,34.96254730224609,230153864.0,0.20241623931623917
38.37760925292969,38.46299743652344,36.48956298828125,36.69829177856445,34.49875259399414,80091668.0,0.17279677419354836
36.88804626464844,38.14041519165039,35.958255767822266,36.52751541137695,34.338218688964844,58980997.0,0.16098636363636373
36.31878662109375,36.37571334838867,35.332069396972656,35.62618637084961,33.490909576416016,46767877.0,0.22847549668874126
35.92979049682617,36.67931747436523,35.77798843383789,36.64136505126953,34.445240020751946,40175634.0,0.1889760806916425
35.92030334472656,36.00569152832031,34.962047576904304,35.417457580566406,33.294692993164055,75530167.0,0.16721786743515843
36.4900016784668,36.5,35.81999969482422,36.040000915527344,33.87992477416992,46984500.0,0.1694294117647056
36.93000030517578,37.41999816894531,36.29999923706055,36.31999969482422,34.143142700195305,63442700.0,0.18588930635838127
36.599998474121094,36.63000106811523,35.86000061035156,36.18999862670898,34.02092742919922,43261800.0,0.14683287671232886
36.70000076293945,37.310001373291016,36.43999862670898,36.70000076293945,34.500362396240234,60633800.0,0.10238571428571454
37.02999877929688,37.09000015258789,36.209999084472656,36.52000045776367,34.331153869628906,43673100.0,0.20317938144329908
36.13000106811523,36.7400016784668,36.02000045776367,36.599998474121094,34.40635299682617,42485300.0,0.24550529595015544
36.52999877929688,36.560001373291016,36.2400016784668,36.52999877929688,34.34054946899414,26955800.0,0.14545147679324896
,,,,,,0.22369722222222224
36.77999877929688,37.2599983215332,36.75,37.22999954223633,34.99859619140625,25277000.0,0.1935964980544746
37.95000076293945,38.79999923706055,37.599998474121094,38.310001373291016,36.01387023925781,65425900.0,0.2211402515723269
39.400001525878906,40.5,39.0099983215332,39.40999984741211,37.047935485839844,72499700.0,0.20932191358024663
40.47000122070313,41.40999984741211,40.29999923706055,40.79999923706055,38.3546257019043,84347500.0,0.20084183673469372
40.97999954223633,41.02999877929688,39.52000045776367,40.09000015258789,37.68717956542969,68570100.0,0.0699152380952381
39.88999938964844,40.45000076293945,39.88999938964844,40.34000015258789,37.92219543457031,35368100.0,0.15051780303030293
40.65999984741211,41.400001525878906,40.36999893188477,41.25,38.77766036987305,48253700.0,0.15017073863636346
41.400001525878906,42.77000045776367,41.349998474121094,42.560001373291016,40.00913619995117,87039300.0,0.20059856733524334
43.06999969482422,43.08000183105469,41.13000106811523,41.849998474121094,39.34169387817383,86118500.0,0.15833644578313236
41.81999969482422,42.22000122070313,41.45000076293945,41.72999954223633,39.22888565063477,57749200.0,0.19994000000000012
41.97000122070313,42.06999969482422,40.68999862670898,41.11999893188477,38.65544891357422,60737000.0,0.11961005917159759
41.61999893188477,41.65999984741211,39.06999969482422,39.209999084472656,36.85992813110352,94809700.0,0.29243468354430296
39.060001373291016,39.18000030517578,38.209999084472656,38.709999084472656,36.389892578125,65712800.0,0.14978434504792307
38.18000030517578,38.47000122070313,37.7400016784668,37.84000015258789,35.57204055786133,56515300.0,0.10199178885630505
37.83000183105469,38.11999893188477,37.310001373291016,38.02999877929688,35.750648498535156,52036400.0,-0.13734251626898059
37.9900016784668,38.09000015258789,37.5,37.68000030517578,35.421630859375,60259200.0,0.03780664893617023
37.27999877929688,37.400001525878906,36.90999984741211,37.38000106811523,35.139610290527344,40891800.0,0.10342440000000007
37.209999084472656,37.33000183105469,36.599998474121094,36.7400016784668,34.53796768188477,33634400.0,0.17177029411764702
37.0099983215332,37.650001525878906,36.88000106811523,37.43999862670898,35.196006774902344,36182000.0,0.16055411764705876
37.400001525878906,37.56999969482422,37.18000030517578,37.27000045776367,35.03620147705078,14790100.0,0.29010295202951997
,,,,,,0.1677440366972478
37.36000061035156,37.58000183105469,36.68000030517578,36.81999969482422,34.61316680908203,26993700.0,0.11574920000000008
36.900001525878906,37.20000076293945,36.790000915527344,37.04999923706055,34.82938766479492,23152100.0,0.15453112840466926
37.02999877929688,37.2400016784668,36.70000076293945,36.7400016784668,34.53796768188477,24889800.0,0.08583145161290323
36.65999984741211,36.91999816894531,36.290000915527344,36.810001373291016,34.603771209716804,30796500.0,0.1090173076923077
,,,,,,0.1341120218579235
36.86999893188477,36.93999862670898,36.27000045776367,36.810001373291016,34.603771209716804,33565700.0,0.13228116883116883
36.72000122070313,37.36999893188477,36.599998474121094,37.18999862670898,34.960994720458984,29909400.0,0.12993154121863804
36.83000183105469,37.47999954223633,36.77000045776367,36.86999893188477,34.660171508789055,34962500.0,0.09182641509433967
37.040000915527344,37.150001525878906,36.66999816894531,37.060001373291016,34.83878707885742,27809500.0,0.10545957446808518
37.15999984741211,37.52999877929688,36.900001525878906,37.13000106811523,34.904590606689446,33462400.0,0.11626430868167198
37.22000122070313,37.83000183105469,37.150001525878906,37.77000045776367,35.50623321533203,47286900.0,0.19196220472440947
37.70000076293945,37.790000915527344,36.81999969482422,37.18000030517578,34.95159149169922,47831100.0,0.16826941580756005
37.0,37.16999816894531,36.63999938964844,36.86000061035156,34.650772094726555,31027900.0,0.17034299065420547
36.77999877929688,36.959999084472656,36.61000061035156,36.75,34.547367095947266,30272000.0,0.22400608365019015
36.68000030517578,36.77999877929688,36.400001525878906,36.70000076293945,34.500362396240234,34287800.0,0.033047651006711413
,,,,,,0.05580077220077218
36.7599983215332,37.0,36.61999893188477,36.72999954223633,34.528568267822266,33451300.0,0.11568949275362331
36.790000915527344,36.810001373291016,36.459999084472656,36.5,34.31234741210937,35400100.0,0.14002417218543042
36.38999938964844,36.59000015258789,36.150001525878906,36.47999954223633,34.29354858398437,33829700.0,0.14034654088050316
36.31999969482422,36.83000183105469,36.25,36.54999923706055,34.35935211181641,26271200.0,0.21624027777777763
36.54999923706055,37.290000915527344,36.31999969482422,37.27999877929688,35.04560089111328,31728500.0,0.13047021276595747
37.27000045776367,37.599998474121094,37.15999984741211,37.310001373291016,35.073806762695305,27718700.0,0.144234971098266
36.9900016784668,37.040000915527344,36.16999816894531,36.2400016784668,34.067928314208984,50561200.0,0.14780652173913056
35.95000076293945,36.33000183105469,35.84000015258789,35.86000061035156,34.077442169189446,39466700.0,0.34934161490683274
36.88000106811523,36.88000106811523,35.61999893188477,35.900001525878906,34.115447998046875,60251900.0,0.1657964968152868
35.93000030517578,36.18999862670898,35.720001220703125,35.79999923706055,34.02042007446289,40395800.0,0.08378300653594767
35.7599983215332,35.779998779296875,34.27000045776367,34.990001678466804,33.250682830810554,84062400.0,0.17838904593639573
34.990001678466804,35.290000915527344,34.779998779296875,34.84000015258789,33.108139038085945,38524200.0,0.1899368663594471
34.810001373291016,35.080001831054695,34.700000762939446,34.889999389648445,33.155654907226555,34284900.0,0.14558708609271506
34.919998168945305,35.080001831054695,34.779998779296875,34.919998168945305,33.18416213989258,31749600.0,0.22121672727272704
34.959999084472656,35.009998321533196,34.740001678466804,34.81999969482422,33.089134216308594,31633900.0,0.16310616740088096
34.799999237060554,35.060001373291016,34.759998321533196,34.970001220703125,33.231678009033196,30170200.0,0.13125224489795922
35.0,35.080001831054695,34.700000762939446,34.740001678466804,33.01311492919922,29039900.0,0.1375175298804781
34.799999237060554,34.810001373291016,34.279998779296875,34.43000030517578,32.718517303466804,30885200.0,0.19822289562289555
34.439998626708984,34.950000762939446,34.360000610351555,34.720001220703125,32.99410629272461,25578600.0,0.18566636771300443
,,,,,,0.20967312775330355
34.84999847412109,34.860000610351555,34.560001373291016,34.689998626708984,32.96559524536133,28730300.0,0.11310089285714285
34.56999969482422,35.0,34.459999084472656,34.889999389648445,33.155654907226555,26389400.0,0.10171434599156119
34.779998779296875,34.880001068115234,34.52000045776367,34.560001373291016,32.84206008911133,24052500.0,0.20155773809523772
34.65999984741211,34.68000030517578,34.400001525878906,34.439998626708984,32.72801971435547,28145300.0,0.1597458745874588
34.330001831054695,34.36999893188477,34.040000915527344,34.259998321533196,32.556968688964844,34322500.0,-0.0866323699421964
34.0,34.189998626708984,33.68000030517578,33.90999984741211,32.224369049072266,37624200.0,0.16175960264900663
33.86999893188477,34.049999237060554,33.669998168945305,33.75,32.072322845458984,30686100.0,0.19989310344827585
33.81999969482422,34.110000610351555,33.540000915527344,33.81999969482422,32.138843536376946,37506100.0,0.16214188481675393
33.84000015258789,33.900001525878906,33.360000610351555,33.490001678466804,31.82524681091309,41462800.0,0.1660629343629343
33.59000015258789,33.93000030517578,33.509998321533196,33.689998626708984,32.015308380126946,30407800.0,0.21800982142857114
33.68000030517578,33.889999389648445,33.5,33.509998321533196,31.84425544738769,27670400.0,0.2334743016759776
33.509998321533196,34.450000762939446,33.439998626708984,34.389999389648445,32.68051147460937,46020200.0,0.2239807174887892
34.259998321533196,35.09000015258789,33.84000015258789,34.200000762939446,32.499954223632805,45449600.0,0.2596618902439022
34.290000915527344,34.549999237060554,33.959999084472656,34.389999389648445,32.68051147460937,30589900.0,0.17748820754716985
34.47999954223633,34.86999893188477,34.330001831054695,34.34999847412109,32.64249801635742,24352300.0,0.16963544303797456
34.540000915527344,34.84999847412109,34.439998626708984,34.450000762939446,32.73752975463867,25167100.0,0.19645848214285683
34.639999389648445,35.139999389648445,34.52000045776367,34.93000030517578,33.19366836547852,33501800.0,0.2146564102564101
35.06999969482422,35.11999893188477,34.65999984741211,34.709999084472656,32.98460006713867,24557900.0,0.20968922558922543
34.560001373291016,34.97999954223633,34.509998321533196,34.939998626708984,33.203170776367195,16342400.0,0.11149926470588237
35.009998321533196,35.43000030517578,34.959999084472656,35.40999984741211,33.64980697631836,21896100.0,0.008068421052631577
35.470001220703125,35.86000061035156,35.310001373291016,35.83000183105469,34.04893112182617,25022400.0,0.0668359102244389
35.83000183105469,35.959999084472656,35.11999893188477,35.790000915527344,34.01091766357422,42540100.0,0.1061735294117647
35.529998779296875,35.970001220703125,35.52000045776367,35.77000045776367,33.991912841796875,24729800.0,0.19126645962732927
35.75,35.81999969482422,35.470001220703125,35.529998779296875,33.763839721679695,48348900.0,0.2602365853658538
35.47999954223633,36.0099983215332,35.36000061035156,36.0,34.210472106933594,25427500.0,0.16885648148148136
35.81999969482422,35.93000030517578,35.31999969482422,35.36000061035156,33.60229110717773,27970500.0,0.15626904761904764
35.47999954223633,35.93000030517578,35.36999893188477,35.61000061035156,33.83986282348633,22883400.0,0.1559090909090909
35.650001525878906,35.790000915527344,35.25,35.66999816894531,33.89688491821289,24875300.0,0.13104346153846155
35.68000030517578,36.290000915527344,35.63999938964844,36.25,34.44805145263672,27944500.0,0.16733396946564877
36.02999877929688,36.7400016784668,35.900001525878906,36.61999893188477,34.799659729003906,27004800.0,0.23991081081081062
36.59000015258789,36.63000106811523,36.02000045776367,36.11000061035156,34.31501007080078,26303300.0,0.19557547169811293
36.150001525878906,36.43000030517578,36.040000915527344,36.22999954223633,34.42904663085937,26582700.0,0.2443075098814229
36.29999923706055,36.45000076293945,36.02000045776367,36.29999923706055,34.495559692382805,21319900.0,0.2204148409893993
,,,,,,0.25443555555555536
36.43999862670898,36.56999969482422,36.099998474121094,36.27999877929688,34.47655868530273,22096900.0,0.24746987447698732
36.2599983215332,36.400001525878906,36.0,36.04999923706055,34.25799560546875,20722900.0,0.2242055793991414
36.02999877929688,36.2400016784668,35.7599983215332,35.90999984741211,34.124954223632805,21933800.0,0.19010071942446044
35.959999084472656,36.150001525878906,35.86999893188477,35.959999084472656,34.172462463378906,18129400.0,0.2623345724907061
35.900001525878906,36.810001373291016,35.900001525878906,36.599998474121094,34.78064727783203,31686700.0,0.12969316546762577
36.47999954223633,37.02999877929688,36.33000183105469,36.97000122070313,35.132259368896484,29944900.0,0.16053444816053508
37.40999984741211,37.650001525878906,36.88999938964844,37.15999984741211,35.31281661987305,33967400.0,0.14562812500000002
37.16999816894531,37.38000106811523,36.959999084472656,37.16999816894531,35.32231521606445,23842900.0,0.10120068493150691
37.2599983215332,37.7400016784668,37.2599983215332,37.599998474121094,35.73093795776367,24945800.0,0.056959006211180094
37.86999893188477,38.70000076293945,37.810001373291016,38.56999969482422,36.65272903442383,52829500.0,0.1333725165562914
38.599998474121094,38.959999084472656,38.33000183105469,38.93000030517578,36.99483108520508,30905100.0,0.16572918287937732
38.75,39.2400016784668,38.75,39.02999877929688,37.08985900878906,26459400.0,0.2142570934256054
39.13999938964844,39.66999816894531,39.13000106811523,39.52999877929688,37.56500625610352,29365000.0,0.16246045627376443
39.47999954223633,39.5,38.52000045776367,38.63999938964844,36.71924209594727,33373600.0,0.1946499999999998
38.63000106811523,38.83000183105469,38.43000030517578,38.65999984741211,36.73825073242188,24375000.0,0.20425614754098353
38.72999954223633,38.7400016784668,38.4900016784668,38.68000030517578,36.75725936889648,19773400.0,0.16698467741935483
38.5099983215332,38.61000061035156,38.349998474121094,38.45000076293945,36.53869247436523,19061500.0,0.32153478260869495
38.540000915527344,38.93999862670898,38.52000045776367,38.810001373291016,36.88079452514648,21963300.0,0.23558834951456284
38.9900016784668,39.0,38.310001373291016,38.599998474121094,36.68123245239258,23569400.0,0.23346000000000008
38.5,38.900001525878906,38.4900016784668,38.650001525878906,36.7287483215332,28413200.0,0.18538829787234037
39.040000915527344,39.84000015258789,38.959999084472656,39.83000183105469,37.85009765625,46638600.0,0.15159238410596013
40.0,40.16999816894531,39.43000030517578,39.95000076293945,37.96413040161133,52802200.0,0.17916106870229015
40.18000030517578,41.09000015258789,38.93000030517578,39.97000122070313,37.983131408691406,76627500.0,0.23397750759878366
38.47999954223633,39.22999954223633,37.959999084472656,39.18999862670898,37.60886764526367,54944900.0,0.20707028112449785
39.04999923706055,39.86999893188477,39.04999923706055,39.58000183105469,37.98313522338867,33807800.0,0.19990602836879437
39.83000183105469,40.27999877929688,39.77999877929688,39.86000061035156,38.25183868408203,30831900.0,0.16917627737226282
39.68000030517578,40.06999969482422,39.22999954223633,39.349998474121094,37.76240921020508,30568600.0,0.19946719999999993
39.43999862670898,39.91999816894531,39.310001373291016,39.68999862670898,38.08869552612305,26208600.0,0.19106833976833967
39.5,40.27999877929688,39.5,40.099998474121094,38.482154846191406,25415000.0,0.17420857142857143
40.2400016784668,40.31999969482422,39.91999816894531,40.02000045776367,38.40538787841797,18041100.0,0.23613486238532108
40.06999969482422,40.400001525878906,40.0099983215332,40.11000061035156,38.49175262451172,18095000.0,0.2552163841807911
40.18000030517578,40.349998474121094,39.83000183105469,40.04999923706055,38.434173583984375,15805500.0,0.2992401639344266
39.900001525878906,39.900001525878906,39.43000030517578,39.83000183105469,38.223052978515625,20209500.0,0.27865397489539784
39.72999954223633,40.25,39.72000122070313,40.11999893188477,38.5013427734375,18621100.0,0.19001673469387764
40.209999084472656,40.599998474121094,39.90999984741211,39.95000076293945,38.33820724487305,21144800.0,0.1706601503759398
40.08000183105469,40.13999938964844,39.77999877929688,39.810001373291016,38.20385360717773,16922300.0,0.1993906882591092
39.81999969482422,39.86000061035156,39.2400016784668,39.33000183105469,37.74322128295898,25916300.0,0.12089831081081073
39.290000915527344,39.29999923706055,38.77999877929688,38.91999816894531,37.34975814819336,28036500.0,0.21816680000000005
38.97000122070313,39.18000030517578,38.599998474121094,38.650001525878906,37.09065628051758,38471200.0,0.18723593749999992
38.75,39.02000045776367,38.68000030517578,38.72999954223633,37.16742706298828,16154100.0,0.1837894273127753
,,,,,,0.2023240875912409
38.93999862670898,39.0,38.47999954223633,38.5,36.94670867919922,23642400.0,0.26466748971193393
38.63999938964844,38.93000030517578,38.540000915527344,38.790000915527344,37.22500991821289,19629000.0,0.10350639999999996
38.7599983215332,39.040000915527344,38.63000106811523,38.97000122070313,37.39774703979492,17376300.0,0.21256918604651157
39.04999923706055,39.5,39.02000045776367,39.150001525878906,37.57048797607422,19375300.0,0.2158251046025102
39.08000183105469,39.599998474121094,38.97000122070313,38.9900016784668,37.41694259643555,24110700.0,0.2023669603524228
39.06999969482422,39.11000061035156,38.47999954223633,38.849998474121094,37.28258514404297,18880300.0,0.22965739910313876
39.0,39.84000015258789,38.97999954223633,39.810001373291016,38.20385360717773,29824000.0,0.1528489361702126
39.900001525878906,40.72000122070313,39.88999938964844,40.68000030517578,39.03875350952149,42613700.0,0.26667573964497027
40.65999984741211,40.66999816894531,39.95000076293945,40.150001525878906,38.5301399230957,21386900.0,0.3860867231638419
40.02999877929688,40.06999969482422,39.38000106811523,39.63000106811523,38.03112030029297,23408300.0,0.5345298429319361
39.709999084472656,39.84000015258789,39.38999938964844,39.59000015258789,37.99272918701172,20206900.0,0.19598135048231505
39.61999893188477,39.84000015258789,39.27999877929688,39.29999923706055,37.71442794799805,19177500.0,0.25768446969696923
39.27000045776367,39.59000015258789,39.06999969482422,39.47999954223633,37.887168884277344,19580100.0,0.25365607142857116
39.29999923706055,39.43999862670898,38.70000076293945,38.810001373291016,37.24420166015625,37775900.0,0.23654699999999998
38.88000106811523,39.47999954223633,38.88000106811523,39.41999816894531,37.82958984375,19488100.0,0.1273265957446809
39.40999984741211,39.68999862670898,39.2599983215332,39.61000061035156,38.01192474365234,15975900.0,0.15443121951219518
39.63000106811523,39.65999984741211,38.97999954223633,39.04999923706055,37.474517822265625,22025400.0,0.08889641693811072
39.13999938964844,39.349998474121094,39.08000183105469,39.18999862670898,37.60886764526367,13436500.0,0.1055276119402985
39.11999893188477,39.40999984741211,38.88999938964844,38.97999954223633,37.4073371887207,22774300.0,0.19109190283400798
39.0099983215332,39.209999084472656,38.900001525878906,39.11999893188477,37.541690826416016,19225700.0,0.13204365079365069
39.13000106811523,39.27999877929688,38.97999954223633,39.099998474121094,37.52249526977539,14516600.0,0.18156266666666665
39.13999938964844,39.27000045776367,38.81999969482422,39.15999984741211,37.580078125,21248100.0,0.21149268292682924
39.16999816894531,39.63000106811523,39.11000061035156,39.560001373291016,37.96394348144531,20035900.0,0.1684802955665025
39.459999084472656,39.83000183105469,39.38000106811523,39.72999954223633,38.12708282470703,16592700.0,0.06548317757009346
,,,,,,0.1257257861635218
39.47999954223633,39.650001525878906,39.040000915527344,39.290000915527344,37.704833984375,18931900.0,0.18700598290598275
39.22000122070313,39.36000061035156,38.97000122070313,39.349998474121094,37.76240921020508,17665200.0,0.18367737556561073
39.0,39.31999969482422,38.93000030517578,39.25,37.66645050048828,23021200.0,0.11674852459016387
39.52999877929688,40.099998474121094,39.459999084472656,39.61000061035156,38.01192474365234,21578700.0,0.18416702508960556
39.65999984741211,40.25,39.599998474121094,39.7599983215332,38.15586853027344,24513000.0,0.14671829652996846
39.77000045776367,39.79999923706055,39.52999877929688,39.650001525878906,38.05030822753906,12222000.0,0.11301721611721618
39.72000122070313,40.02999877929688,39.65999984741211,39.95000076293945,38.33820724487305,15888600.0,0.1587227272727273
39.95000076293945,40.18999862670898,39.86000061035156,40.09000015258789,38.472557067871094,20250800.0,0.08052384105960271
40.13999938964844,40.349998474121094,39.93000030517578,40.349998474121094,38.72206115722656,24270400.0,0.1630794223826713
40.06999969482422,40.349998474121094,39.68000030517578,40.150001525878906,38.5301399230957,29818400.0,0.20034175438596477
40.25,41.709999084472656,40.20000076293945,41.04999923706055,39.393821716308594,48804100.0,0.20130287539936081
41.2400016784668,41.2400016784668,40.52000045776367,41.02000045776367,39.36503982543945,27530200.0,0.1973044247787608
41.11999893188477,41.54999923706055,40.900001525878906,41.47000122070313,39.79688262939453,18913300.0,0.15223967741935493
41.459999084472656,41.83000183105469,41.41999816894531,41.68000030517578,39.99840927124024,21609200.0,0.12267865612648227
41.61999893188477,41.93999862670898,41.38999938964844,41.810001373291016,40.12316131591797,23720000.0,0.17241827242524885
41.81999969482422,42.20000076293945,41.58000183105469,42.099998474121094,40.40146255493164,32544100.0,0.13601948529411767
42.349998474121094,43.7400016784668,42.25,43.45000076293945,41.69699478149414,53822400.0,0.15715942028985516
43.22999954223633,43.29999923706055,42.61999893188477,42.790000915527344,41.43555068969727,29015000.0,0.1426902173913043
42.88000106811523,43.18999862670898,42.68999862670898,42.810001373291016,41.45491409301758,24763300.0,0.1315036101083033
43.29999923706055,44.13999938964844,43.25,43.959999084472656,42.56851196289063,43066900.0,0.20850535714285698
44.16999816894531,45.86000061035156,44.06999969482422,45.68000030517578,44.23406219482422,45643300.0,0.20602529411764686
45.349998474121094,45.79999923706055,45.0099983215332,45.18999862670898,43.759578704833984,43391200.0,0.1297972527472527
45.0,45.13999938964844,44.70000076293945,45.06000137329102,43.633697509765625,23505400.0,0.2546693877551023
45.09000015258789,45.31000137329102,44.63000106811523,45.06999969482422,43.64337921142578,20413000.0,0.1847314285714288
45.11000061035156,46.02999877929688,45.11000061035156,45.97999954223633,44.52457046508789,32374300.0,0.16347673716012076
46.20000076293945,48.56999969482422,45.88999938964844,48.18999862670898,46.66461563110352,81189400.0,0.21900061349693237
47.77999877929688,48.08000183105469,46.2599983215332,46.31000137329102,44.84412384033203,50878200.0,0.14497987421383635
46.5,47.4000015258789,46.34000015258789,47.2400016784668,45.74468994140625,29676400.0,0.17800028011204483
47.40999984741211,48.5,47.31999969482422,48.47999954223633,46.94543838500977,35379200.0,0.20845781249999984
48.22999954223633,48.97000122070313,47.5099983215332,48.90999984741211,47.36182403564453,38045800.0,0.2231885196374621
48.77999877929688,50.4900016784668,48.709999084472656,50.41999816894531,48.82402801513672,68817000.0,0.22380445103857546
50.22999954223633,51.86000061035156,49.16999816894531,49.31000137329102,47.74916458129883,88598000.0,0.17627933673469373
48.5,49.959999084472656,48.2599983215332,48.79999923706055,47.25531005859375,57741600.0,0.04509792207792199
48.97999954223633,49.72999954223633,48.65999984741211,48.72000122070313,47.17783737182617,35157500.0,0.27527943661971777
50.290000915527344,51.36000061035156,49.599998474121094,49.93000030517578,48.34954071044922,88652400.0,0.22672890025575398
49.7400016784668,50.04999923706055,48.2400016784668,48.38000106811523,46.84860610961914,52624100.0,0.21851932773109214
48.040000915527344,48.27999877929688,46.93000030517578,47.5099983215332,46.00613403320313,51036800.0,0.19167445482866052
47.70000076293945,48.15999984741211,47.29999923706055,47.38000106811523,45.8802604675293,29029300.0,0.11518837209302321
47.36999893188477,47.5,46.52999877929688,46.599998474121094,45.12494277954102,32924500.0,0.18329199999999982
46.20000076293945,47.15999984741211,46.15999984741211,46.7599983215332,45.27988052368164,25774400.0,0.23947933130699067
46.72000122070313,47.13999938964844,45.93000030517578,46.06999969482422,44.611724853515625,34547800.0,0.18461661631419915
46.18999862670898,46.2599983215332,45.41999816894531,46.040000915527344,44.58267211914063,32900100.0,0.1233126050420169
46.47999954223633,46.86999893188477,46.13000106811523,46.84000015258789,45.35734558105469,26106300.0,0.1639189759036144
46.9000015258789,47.02999877929688,46.34000015258789,46.84000015258789,45.35734558105469,20817200.0,0.09093565217391304
,,,,,,0.2205163090128754
46.9900016784668,47.5,46.540000915527344,46.75,45.27019882202149,26236900.0,0.1421498442367599
46.5099983215332,46.790000915527344,46.25,46.5099983215332,45.03778839111328,15839600.0,0.09988749999999996
46.47000122070313,46.72000122070313,45.849998474121094,46.02999877929688,44.5729866027832,21695300.0,0.17993171428571414
46.27000045776367,46.349998474121094,45.5099983215332,45.59000015258789,44.146915435791016,20801500.0,0.27402338028169015
45.7400016784668,45.83000183105469,44.20000076293945,44.58000183105469,43.168888092041016,37086200.0,0.18047203647416413
44.66999816894531,45.2599983215332,44.54999923706055,44.709999084472656,43.294769287109375,24100200.0,0.17429215686274493
44.560001373291016,45.36999893188477,44.47000122070313,44.77000045776367,43.352874755859375,28674600.0,0.18475833333333336
44.88000106811523,44.9900016784668,44.02999877929688,44.47000122070313,43.06237030029297,22424200.0,0.10447994011976051
44.16999816894531,44.459999084472656,43.310001373291016,43.88999938964844,42.50072860717773,56370500.0,0.11286197916666661
43.38999938964844,44.650001525878906,43.38999938964844,44.20000076293945,42.8009147644043,41873000.0,0.18612006269592465
44.25,44.72999954223633,43.849998474121094,43.91999816894531,42.52977752685547,23645600.0,0.16469557522123884
43.9900016784668,44.38999938964844,43.83000183105469,43.95000076293945,42.55883026123047,22616700.0,0.1625209631728045
44.27999877929688,44.72000122070313,44.150001525878906,44.18999862670898,42.79122543334961,19719200.0,0.14742340425531916
44.06999969482422,44.40999984741211,43.810001373291016,43.93999862670898,42.54914474487305,16150700.0,0.1545466463414633
43.91999816894531,44.13000106811523,43.5099983215332,43.56999969482422,42.19085693359375,19955900.0,0.10058810975609755
43.06999969482422,43.27999877929688,42.43000030517578,43.040000915527344,41.67763137817383,28512200.0,0.201499122807017
43.22000122070313,43.68999862670898,43.08000183105469,43.52999877929688,42.152122497558594,18037200.0,0.10810883190883203
43.790000915527344,44.04999923706055,42.97000122070313,43.0099983215332,41.64857864379883,21103300.0,0.11461941176470587
42.52000045776367,43.099998474121094,41.70000076293945,42.93000030517578,41.57111358642578,38483000.0,0.10860952380952393
42.93000030517578,43.349998474121094,42.209999084472656,42.41999816894531,41.07725524902344,28906500.0,0.13887707641196007
42.52999877929688,42.790000915527344,42.27999877929688,42.31999969482422,40.98042297363281,19342600.0,0.06043416149068318
42.060001373291016,42.20000076293945,41.68999862670898,42.02000045776367,40.689918518066406,30483800.0,0.08385753424657547
42.52000045776367,42.959999084472656,42.209999084472656,42.7400016784668,41.38713455200195,19778300.0,0.16900464396284856
42.72999954223633,42.90999984741211,42.34000015258789,42.45000076293945,41.10630798339844,12778600.0,0.15229503311258263
42.45000076293945,42.61999893188477,42.0099983215332,42.060001373291016,40.72865295410156,11984200.0,0.16567572254335264
42.15999984741211,42.209999084472656,41.65999984741211,41.849998474121094,40.52529525756836,16222300.0,0.17334012345678998
41.75,41.90999984741211,40.93999862670898,41.41999816894531,40.1089096069336,28205700.0,0.14259143730886842
41.560001373291016,41.959999084472656,41.52000045776367,41.66999816894531,40.35099792480469,17590300.0,0.09512077151335312
41.900001525878906,42.02999877929688,41.38000106811523,41.4900016784668,40.17669677734375,23550300.0,0.12607160120845923
41.45000076293945,41.70000076293945,41.040000915527344,41.31999969482422,40.01207733154297,21733000.0,0.17257269624573357
41.599998474121094,42.20000076293945,41.540000915527344,42.09000015258789,40.7577018737793,17159800.0,0.19941249999999994
42.11999893188477,43.11000061035156,42.099998474121094,42.79999923706055,41.44523239135742,22788300.0,0.17560199430199405
43.060001373291016,43.09000015258789,42.43000030517578,42.86000061035156,41.503334045410156,22142300.0,0.19245397350993362
42.81999969482422,43.18999862670898,42.63000106811523,43.15999984741211,41.7938346862793,17183000.0,0.23078745644599294
43.20000076293945,43.2400016784668,42.56999969482422,43.150001525878906,41.78414916992188,22846200.0,0.19319793814432984
43.33000183105469,43.7599983215332,42.91999816894531,43.560001373291016,42.18117141723633,29729100.0,0.208180154639175
43.459999084472656,43.560001373291016,42.68000030517578,42.97000122070313,41.60984802246094,22317500.0,0.17803219178082183
42.95000076293945,43.66999816894531,42.93999862670898,43.18000030517578,41.81319808959961,18023400.0,0.1883233333333332
43.09000015258789,43.83000183105469,42.86000061035156,43.7400016784668,42.3554801940918,30307500.0,0.09760372492836678
44.13999938964844,44.290000915527344,43.43999862670898,43.63999938964844,42.258644104003906,32681500.0,0.14208137535816628
45.08000183105469,46.040000915527344,43.04999923706055,45.45000076293945,44.01134490966797,69248000.0,0.16393301282051287
45.52000045776367,45.9900016784668,44.47999954223633,44.81999969482422,43.40128707885742,44593100.0,0.17016913183279717
44.290000915527344,44.47000122070313,43.310001373291016,43.849998474121094,42.834716796875,38172500.0,0.19811823899371053
48.09000015258789,48.81000137329102,46.54999923706055,48.61000061035156,47.4845085144043,173959100.0,0.18590342679127714
48.61000061035156,48.790000915527344,47.599998474121094,48.33000183105469,47.21099090576172,57423300.0,0.26311942257217896
48.33000183105469,48.38000106811523,47.1500015258789,47.29999923706055,46.204833984375,29920400.0,0.02951802816901406
47.4000015258789,49.209999084472656,47.4000015258789,49.02000045776367,47.88501358032226,42696200.0,0.16386452599388365
49.22999954223633,50.5,48.72999954223633,50.18000030517578,49.01815414428711,42370400.0,0.19407978436657664
50.41999816894531,50.4900016784668,49.56999969482422,49.72999954223633,48.57857131958008,27780600.0,0.16263646723646724
49.72999954223633,50.099998474121094,49.36999893188477,49.6500015258789,48.50043106079102,27763200.0,0.25327799999999995
49.47000122070313,50.15999984741211,48.88999938964844,49.599998474121094,48.45158386230469,31297200.0,0.07721337209302315
49.93999862670898,51.09000015258789,49.68999862670898,50.86999893188477,49.69218063354492,36889800.0,0.19164871794871782
51.099998474121094,51.709999084472656,50.61000061035156,51.40999984741211,50.21967315673828,32872600.0,0.24739587020648912
51.959999084472656,52.84000015258789,50.68000030517578,50.79999923706055,49.62379837036133,47966200.0,0.16424237288135568
50.95000076293945,51.47000122070313,50.38000106811523,51.20000076293945,50.0145378112793,27287900.0,0.10640608695652165
50.58000183105469,51.45000076293945,50.29999923706055,51.08000183105469,49.89731979370117,24946200.0,0.19644731543624136
51.18000030517578,51.33000183105469,50.709999084472656,50.88999938964844,49.71171569824219,18556800.0,0.1407847272727272
,,,,,,0.21726176470588215
54.040000915527344,54.93999862670898,53.25,54.0,52.74971008300781,66561300.0,0.14127658862876238
55.1500015258789,55.70000076293945,52.11000061035156,52.4000015258789,51.1867561340332,72660800.0,0.609437396694217
52.31000137329102,54.459999084472656,51.90999984741211,53.72999954223633,52.48595809936523,64598400.0,0.20927544910179618
52.47000122070313,55.16999816894531,51.86000061035156,54.68000030517578,53.41396713256836,59810400.0,0.15159622093023245
53.81999969482422,55.08000183105469,52.77000045776367,53.040000915527344,51.81193542480469,46361700.0,0.16977046979865767
53.709999084472656,54.40999984741211,53.099998474121094,54.27000045776367,53.01345443725586,37574800.0,0.1438310880829015
53.77999877929688,53.88999938964844,51.25,51.47999954223633,50.28805541992188,53724000.0,0.19484404761904758
51.25,52.5,50.4000015258789,51.72000122070313,50.522499084472656,41575400.0,0.14432507836990638
52.75,53.08000183105469,51.02999877929688,51.4000015258789,50.20990753173828,37429200.0,0.16130875420875404
51.5099983215332,52.849998474121094,51.5099983215332,52.08000183105469,50.87416458129883,38325700.0,0.17885561497326202
51.20000076293945,52.849998474121094,51.11000061035156,52.77999877929688,51.55795669555664,26079400.0,0.24297423728813528
53.43999862670898,55.72999954223633,53.43999862670898,55.20000076293945,53.92192459106445,54923200.0,0.23429649681528628
54.77000045776367,55.95000076293945,54.31999969482422,55.540000915527344,54.2540512084961,48685700.0,0.21346743515850122
56.11000061035156,58.91999816894531,55.88999938964844,58.79999923706055,57.43857192993164,75202900.0,0.22359274193548354
58.36000061035156,61.43000030517578,57.75,61.25,59.83184432983398,75183600.0,0.20016363636363613
59.93000030517578,61.18999862670898,58.70000076293945,59.47999954223633,58.10282516479492,104192100.0,0.08607989417989417
60.599998474121094,61.709999084472656,59.83000183105469,61.02000045776367,59.60717010498047,55712200.0,0.1660598101265822
60.0099983215332,60.040000915527344,57.15999984741211,58.95000076293945,57.58509826660156,63877900.0,0.19075329341317354
59.25,60.59000015258789,58.22000122070313,59.54999923706055,58.17120361328125,62594900.0,0.16621999999999998
59.81999969482422,60.08000183105469,58.31000137329102,58.709999084472656,57.35065460205078,39203200.0,0.20206723163841797
,,,,,,0.28379035369774874
58.849998474121094,59.38000106811523,58.22999954223633,59.20000076293945,57.829307556152344,27362600.0,0.18783121387283225
59.04999923706055,59.45000076293945,57.08000183105469,58.0099983215332,56.6668586730957,36901700.0,0.18123527607361953
57.31000137329102,58.02999877929688,57.06999969482422,57.58000183105469,56.24681854248047,26170200.0,0.05948039215686284
57.75,58.7400016784668,57.52999877929688,58.4000015258789,57.04783248901367,24559000.0,0.13105476190476184
58.52999877929688,59.79999923706055,58.43999862670898,59.04999923706055,57.68278121948242,28579600.0,0.18894444444444441
58.5,58.54999923706055,56.34000015258789,56.6500015258789,55.33835220336914,57219200.0,0.13285201342281883
56.22000122070313,56.43000030517578,53.93999862670898,54.52999877929688,53.26743698120117,66993100.0,0.12039671641791051
55.84000015258789,56.43999862670898,55.36999893188477,55.63000106811523,54.34196853637695,52956400.0,0.20594687499999997
55.15999984741211,55.63000106811523,54.4900016784668,54.84000015258789,53.57025909423828,37000400.0,0.10755859374999995
55.36000061035156,55.77000045776367,54.63000106811523,55.72000122070313,54.42988586425781,27703400.0,0.16352605633802797
55.709999084472656,56.2599983215332,54.7400016784668,56.2400016784668,54.937843322753906,34044700.0,0.18991679586563304
56.75,57.43000030517578,55.81000137329102,56.68999862670898,55.37742233276367,33576600.0,0.05771250000000009
56.34000015258789,57.15999984741211,55.9000015258789,56.6500015258789,55.33835220336914,27608500.0,0.15061993127147763
56.52999877929688,56.75,55.22000122070313,55.540000915527344,54.2540512084961,28117900.0,-0.07281435897435899
54.97999954223633,55.38000106811523,54.5099983215332,54.95000076293945,53.67771530151367,27072500.0,-0.07259186991869916
,,,,,,0.0031419999999999833
54.5,54.54999923706055,53.43000030517578,54.11000061035156,52.85715866088867,35598000.0,-0.01189738562091503
53.6500015258789,54.4900016784668,53.45000076293945,53.540000915527344,52.30035781860352,27300400.0,-0.13899575596816952
53.959999084472656,54.52000045776367,53.06999969482422,54.04999923706055,52.798545837402344,35105300.0,-0.07203487738419631
54.41999816894531,54.86999893188477,52.459999084472656,52.790000915527344,51.567726135253906,41059000.0,0.09322289156626518
51.75,52.06000137329102,49.81999969482422,51.540000915527344,50.3466682434082,59036400.0,0.18223503937007868
51.36000061035156,52.84000015258789,51.2400016784668,52.540000915527344,51.32351303100586,43983200.0,-0.09682848297213606
52.56999969482422,53.61999893188477,52.459999084472656,53.0099983215332,51.782630920410156,39644800.0,-0.170888333333333
53.02000045776367,54.58000183105469,53.0,53.36999893188477,52.530677795410156,36957200.0,-0.11715167597765358
53.77000045776367,54.66999816894531,53.099998474121094,54.33000183105469,53.47558212280274,28590400.0,0.07812476190476174
54.0,54.13999938964844,52.38999938964844,52.68999862670898,51.86137390136719,38644600.0,0.08056400000000001
52.7400016784668,53.15999984741211,52.38999938964844,53.06999969482422,52.23539733886719,27883300.0,0.09266628242074917
52.84000015258789,54.13000106811523,52.45000076293945,53.86000061035156,53.01297378540039,32039300.0,0.1863259259259257
53.33000183105469,53.88999938964844,53.09000015258789,53.38000106811523,52.54052352905274,22635800.0,0.13505029411764685
53.02000045776367,53.43000030517578,52.63000106811523,53.0,52.16650009155274,24932200.0,0.20108802395209557
53.29999923706055,53.58000183105469,52.2400016784668,53.209999084472656,52.37319564819336,32358500.0,0.06494429708222813
50.63999938964844,51.79999923706055,49.68999862670898,51.70000076293945,50.88694381713867,67922000.0,0.16012013422818788
51.63999938964844,51.72000122070313,50.9000015258789,51.47000122070313,50.660560607910156,38522200.0,0.0968025641025642
51.040000915527344,51.36999893188477,50.38999938964844,50.599998474121094,49.80424118041992,34200600.0,0.20698078602620074
50.33000183105469,51.2400016784668,50.08000183105469,50.77999877929688,49.98141098022461,34997800.0,-0.0025925531914893587
49.81999969482422,50.5,48.47999954223633,49.79999923706055,49.016822814941406,42973100.0,0.15913776595744678
49.79999923706055,50.040000915527344,49.209999084472656,49.790000915527344,49.0069808959961,29150000.0,0.22215161290322558
49.59000015258789,50.77999877929688,49.43000030517578,49.68000030517578,48.89870834350586,27672600.0,0.11842037037037031
49.81000137329102,49.959999084472656,48.75,48.9000015258789,48.13097763061523,21231700.0,0.25379586466165405
48.77999877929688,49.52000045776367,48.20000076293945,48.52999877929688,47.76679229736328,26955300.0,0.09797138157894757
,,,,,,0.09505283018867935
47.540000915527344,48.31000137329102,47.349998474121094,47.52999877929688,46.78252029418945,34814800.0,0.48217058823529324
47.59000015258789,48.15999984741211,46.77999877929688,46.86999893188477,46.13290023803711,25793000.0,-0.23509919354838685
45.86000061035156,46.7599983215332,45.4000015258789,45.959999084472656,45.23721313476562,44227300.0,0.16838506224066385
45.81000137329102,48.02999877929688,45.7400016784668,47.72000122070313,46.96953582763672,31199200.0,0.16371288343558288
46.81999969482422,47.16999816894531,46.34000015258789,46.93999862670898,46.20180130004883,35296100.0,0.2405150943396225
46.68999862670898,47.13999938964844,45.43999862670898,45.75,45.03051376342773,29854500.0,0.09294897360703822
46.11000061035156,47.93000030517578,46.0,47.70000076293945,46.9498519897461,36516200.0,0.2595978193146411
47.68000030517578,48.59000015258789,47.47999954223633,47.83000183105469,47.07780456542969,30553300.0,0.2021495726495725
47.5,48.77000045776367,47.40999984741211,48.6500015258789,47.8849105834961,33217300.0,0.17386949999999984
48.25,48.84000015258789,47.52000045776367,47.97999954223633,47.22544479370117,33171300.0,0.21075978260869557
47.58000183105469,48.41999816894531,46.47000122070313,47.43999862670898,46.69393539428711,32913300.0,0.19237066666666658
48.13000106811523,49.22000122070313,48.0,48.75,47.98333358764648,24718900.0,0.13746255707762567
48.31000137329102,49.290000915527344,48.04999923706055,49.20000076293945,48.4262580871582,24542300.0,0.19329442060085825
49.13999938964844,50.9000015258789,48.93999862670898,50.27000045776367,49.47943115234375,33701900.0,0.23165799999999956
50.72000122070313,52.90999984741211,50.38999938964844,52.25,51.42829513549805,42314500.0,0.10764112903225788
52.61999893188477,52.91999816894531,51.18000030517578,52.209999084472656,51.38891983032226,30172100.0,0.1096789667896679
52.540000915527344,53.27000045776367,52.18000030517578,52.91999816894531,52.08775329589844,29891400.0,0.2368573529411765
52.91999816894531,54.25,52.790000915527344,54.2400016784668,53.387001037597656,30598600.0,0.10322837370242219
54.38000106811523,55.0,53.709999084472656,54.5099983215332,53.652748107910156,51815000.0,0.15980760456273752
54.2400016784668,55.29999923706055,53.9000015258789,54.18999862670898,53.33778381347656,34592500.0,0.14385415019762862
54.20000076293945,54.31999969482422,52.5,53.040000915527344,52.20586776733398,32253600.0,-0.06299579831932771
53.02000045776367,53.5,52.15999984741211,52.18999862670898,51.36923599243164,29183700.0,0.18393556485355658
52.540000915527344,52.849998474121094,52.290000915527344,52.59000015258789,51.76294326782226,25177500.0,0.25131005586592164
52.7400016784668,53.25,52.5099983215332,52.77999877929688,51.94995880126953,17429600.0,0.13351141868512104
52.52999877929688,53.56000137329102,52.5,53.27999877929688,52.44209671020508,21863700.0,0.15259644128113864
54.0,54.08000183105469,52.61999893188477,52.7400016784668,51.91059112548828,39970000.0,0.11517653846153852
53.20000076293945,53.72000122070313,51.97000122070313,52.43999862670898,51.61530303955078,27599600.0,0.1905797385620915
52.0,52.88000106811523,51.7400016784668,51.77000045776367,50.95584106445313,26055200.0,0.16851680672268907
52.11999893188477,52.15999984741211,51.099998474121094,51.56999969482422,50.75898742675781,19073100.0,0.2957330645161288
51.77999877929688,51.86999893188477,50.36999893188477,50.93999862670898,50.138893127441406,20462800.0,0.19864678899082558
50.81000137329102,52.1500015258789,50.75,51.2400016784668,50.43417739868164,21176700.0,0.181304887218045
51.15999984741211,53.09000015258789,51.15999984741211,52.86999893188477,52.03853988647461,31717500.0,0.18040372881355907
52.5,55.40999984741211,52.5,55.15999984741211,54.29253005981445,36305700.0,0.17185994236311217
54.849998474121094,55.58000183105469,54.459999084472656,55.16999816894531,54.30237197875977,24612200.0,0.19616712328767097
55.459999084472656,56.31999969482422,53.77999877929688,53.93000030517578,53.08187484741211,22054300.0,0.15265621890547265
53.29999923706055,53.93000030517578,52.6500015258789,53.11000061035156,52.2747688293457,22810700.0,0.1734761904761905
53.13000106811523,53.81999969482422,52.70000076293945,53.099998474121094,52.26492309570313,15777800.0,0.08312565217391298
53.4000015258789,53.90999984741211,53.040000915527344,53.11999893188477,52.28461074829102,17240100.0,0.15817272727272721
,,,,,,0.03539491525423728
52.83000183105469,53.11000061035156,51.63000106811523,51.84000015258789,51.02473831176758,17065000.0,0.17252298850574718
51.65999984741211,51.88000106811523,49.36999893188477,50.18000030517578,49.390846252441406,33441500.0,0.11274883720930234
50.0,50.15999984741211,49.209999084472656,49.75,48.96760940551758,24751800.0,0.17547900552486195
49.93000030517578,50.0099983215332,48.91999816894531,49.11000061035156,48.33767700195313,19105600.0,0.07325242718446606
48.95000076293945,49.099998474121094,47.9000015258789,48.13000106811523,47.37308883666992,22156800.0,0.12656703296703295
47.849998474121094,49.18999862670898,47.11999893188477,48.95000076293945,48.18019104003906,27390600.0,-0.14689429429429443
48.9900016784668,50.25,48.91999816894531,49.02999877929688,48.25893020629883,25366500.0,0.14560039999999982
49.11000061035156,49.90999984741211,48.209999084472656,49.7400016784668,48.95776748657226,25819200.0,0.2343899053627758
50.43999862670898,50.77000045776367,49.4900016784668,50.5099983215332,49.71565628051758,28225400.0,0.21275760517799341
49.86999893188477,50.34000015258789,49.0,49.06999969482422,48.298301696777344,28343300.0,0.18684451410658287
47.68000030517578,48.7599983215332,47.459999084472656,48.34000015258789,47.57978439331055,36228400.0,0.06803518518518517
48.86999893188477,50.040000915527344,47.70000076293945,49.290000915527344,48.51484298706055,33716900.0,0.006715384615384619
48.88999938964844,49.86999893188477,47.90999984741211,49.65999984741211,48.87902450561523,28613700.0,0.0971670542635659
49.459999084472656,49.54999923706055,47.54999923706055,48.45000076293945,47.68805694580078,28333000.0,0.0858802768166089
48.09000015258789,49.22000122070313,48.040000915527344,49.040000915527344,48.268775939941406,19891400.0,0.18144878787878757
48.38000106811523,49.16999816894531,47.77000045776367,48.63999938964844,47.87506484985352,25012300.0,-0.10028857142857142
49.040000915527344,49.9000015258789,48.68999862670898,49.4900016784668,48.71170043945313,27335900.0,0.3116163346613544
49.06999969482422,50.2400016784668,49.02999877929688,49.45000076293945,48.672325134277344,29699500.0,0.14289336099585054
49.0,50.43000030517578,48.72000122070313,50.38999938964844,50.00201034545898,33468400.0,0.17676886227544905
50.38000106811523,50.790000915527344,49.68000030517578,49.91999816894531,49.53562927246094,22423700.0,0.11749511111111105
49.86999893188477,51.04999923706055,49.86999893188477,50.66999816894531,50.27985382080078,19435600.0,0.19755
50.95000076293945,51.52000045776367,50.18000030517578,51.34000015258789,50.94469451904297,19918200.0,0.12647076023391804
51.22000122070313,51.41999816894531,50.15999984741211,50.4000015258789,50.01193618774414,22276000.0,0.03211793611793611
50.0,50.88999938964844,49.59000015258789,50.6500015258789,50.260009765625,19865500.0,0.13693010380622825
51.27000045776367,52.70000076293945,51.13000106811523,52.47000122070313,52.06599807739258,31250400.0,0.16121153846153835
52.58000183105469,53.70000076293945,52.47999954223633,52.88000106811523,52.47283935546875,24035800.0,0.19453018292682908
52.709999084472656,53.61000061035156,52.709999084472656,53.40999984741211,52.998756408691406,26729800.0,0.19392570532915332
53.20000076293945,54.04999923706055,53.04999923706055,53.709999084472656,53.29644775390625,24003900.0,0.11246585365853647
54.06000137329102,54.91999816894531,53.88000106811523,53.9900016784668,53.57429504394531,23516300.0,0.1519719402985073
53.91999816894531,54.40999984741211,53.52000045776367,53.90999984741211,53.49490737915039,21407500.0,0.1662697278911564
,,,,,,0.10066950000000001
53.31999969482422,53.5,51.93999862670898,53.040000915527344,52.63160705566406,66058200.0,0.08489240506329117
53.25,53.27999877929688,51.84000015258789,52.36999893188477,51.96676254272461,17430600.0,0.1373545454545455
52.36999893188477,52.7400016784668,51.040000915527344,52.68000030517578,52.27437973022461,21903400.0,0.16125583038869257
52.459999084472656,53.52999877929688,52.459999084472656,53.20000076293945,52.79037475585938,18125000.0,0.10290901162790686
53.18999862670898,53.72000122070313,53.0,53.2599983215332,52.84991073608398,16544400.0,0.09931272084805647
53.27999877929688,53.97000122070313,53.0099983215332,53.959999084472656,53.54452133178711,15091200.0,0.2161252873563218
54.06000137329102,54.56000137329102,53.40999984741211,53.47000122070313,53.05829620361328,12789800.0,0.08835438596491227
53.27000045776367,53.6500015258789,51.70000076293945,51.77999877929688,51.38130569458008,17572700.0,0.10445016611295685
51.31000137329102,51.36999893188477,49.95000076293945,49.97000122070313,49.58524703979492,23826000.0,0.14139821428571425
48.81999969482422,49.27999877929688,47.709999084472656,47.90999984741211,47.54110717773438,26989000.0,0.020254128440366986
47.75,48.47000122070313,47.22000122070313,47.91999816894531,47.551025390625,23290300.0,0.09399083665338653
47.88000106811523,48.97999954223633,47.18000030517578,48.5099983215332,48.1364860534668,25748000.0,0.09160260115606954
47.68999862670898,48.0,47.06000137329102,47.47999954223633,47.114418029785156,20424500.0,0.12116376306620219
47.38000106811523,48.02999877929688,46.27999877929688,46.52999877929688,46.171730041503906,45047700.0,0.05855808580858085
,,,,,,0.14289776119402967
47.31999969482422,48.43999862670898,46.95000076293945,48.11000061035156,47.73956680297852,19622100.0,0.17579657142857133
48.02999877929688,49.58000183105469,47.77000045776367,49.06999969482422,48.69217300415039,20382900.0,0.1760843137254901
49.22999954223633,50.16999816894531,48.97999954223633,50.09000015258789,49.70431900024414,20061700.0,0.24642334384858058
50.6500015258789,51.63999938964844,50.29999923706055,51.59000015258789,51.192771911621094,24343200.0,-0.2563711055276377
51.47999954223633,52.22999954223633,51.2599983215332,51.88000106811523,51.48053741455078,16154300.0,0.15475173333333325
51.83000183105469,51.97000122070313,50.40999984741211,50.65999984741211,50.26993179321289,16417900.0,0.13267176079734233
50.72999954223633,51.43999862670898,50.65999984741211,50.93999862670898,50.54777526855469,13925700.0,0.03553262839879157
51.68999862670898,52.88999938964844,51.09000015258789,52.43000030517578,52.02630233764648,33495700.0,0.15170337837837825
52.040000915527344,52.36999893188477,51.25,52.31000137329102,51.90723037719727,16143300.0,0.15522011173184352
,,,,,,0.24136148409893993
51.75,51.88999938964844,50.4000015258789,51.63999938964844,51.24238586425781,18406800.0,0.14707573964497045
51.63999938964844,52.959999084472656,51.58000183105469,52.75,52.34383773803711,21305500.0,0.10632830188679249
52.95000076293945,53.540000915527344,52.790000915527344,53.41999816894531,53.0086784362793,17847600.0,0.14894071661237782
53.04999923706055,53.91999816894531,52.7599983215332,53.16999816894531,52.76060485839844,11322700.0,0.20036130653266285
53.0,53.7400016784668,52.75,52.88999938964844,52.48276138305664,12921400.0,0.06505994962216616
52.68999862670898,52.77999877929688,51.709999084472656,52.040000915527344,51.63930892944336,14633500.0,0.15666235955056168
51.86000061035156,52.31000137329102,51.5099983215332,51.790000915527344,51.39123153686523,12927300.0,0.21520818181818188
50.75,51.59000015258789,50.63000106811523,51.38999938964844,50.99430847167969,14023800.0,0.20336239316239285
51.040000915527344,51.90999984741211,50.43000030517578,51.75,51.351539611816406,19885700.0,0.1337128571428571
51.959999084472656,51.97000122070313,50.52000045776367,50.75,50.35923767089844,15742900.0,0.1909452380952378
51.040000915527344,51.5099983215332,50.61000061035156,51.36999893188477,50.974464416503906,13402100.0,0.19039614147909953
51.38999938964844,51.459999084472656,50.5099983215332,50.81999969482422,50.4286994934082,12774400.0,-0.06022624999999997
50.56999969482422,51.13999938964844,50.18000030517578,51.11999893188477,50.72638702392578,15103800.0,0.11669487179487179
51.2599983215332,51.52999877929688,50.95000076293945,51.22999954223633,50.83554077148438,10932100.0,0.2066886627906972
51.34000015258789,51.88000106811523,51.34000015258789,51.77000045776367,51.37138366699219,12995800.0,0.1219108823529412
51.84000015258789,52.849998474121094,51.709999084472656,52.29999923706055,51.89730453491211,16632500.0,0.0546333333333333
51.93999862670898,52.25,51.18999862670898,51.95000076293945,51.54999923706055,19203500.0,0.09117801204819279
50.849998474121094,52.33000183105469,49.099998474121094,50.72000122070313,50.72000122070313,38984900.0,0.04607049180327872
50.56000137329102,50.709999084472656,49.27999877929688,50.5099983215332,50.5099983215332,25037900.0,0.15009735849056602
50.31999969482422,51.29999923706055,50.1500015258789,50.61000061035156,50.61000061035156,19709900.0,0.22232088888888885
50.9000015258789,51.47000122070313,49.63000106811523,49.68999862670898,49.68999862670898,17802000.0,0.22524155405405394
49.790000915527344,50.06999969482422,49.34000015258789,49.86000061035156,49.86000061035156,16500100.0,0.1817725239616612
49.9000015258789,50.04999923706055,49.209999084472656,49.86000061035156,49.86000061035156,17026300.0,0.14546464646464652
49.63999938964844,49.97000122070313,49.06000137329102,49.27000045776367,49.27000045776367,16376600.0,0.17234297994269332
49.38999938964844,49.81000137329102,48.93999862670898,49.56999969482422,49.56999969482422,16071800.0,0.18168980891719727
49.75,50.11000061035156,49.52000045776367,49.77999877929688,49.77999877929688,12095600.0,0.18487474747474714
49.93000030517578,50.04999923706055,49.38000106811523,49.95000076293945,49.95000076293945,17355100.0,0.17665504587155956
48.22000122070313,49.13000106811523,47.81000137329102,48.290000915527344,48.290000915527344,44048800.0,0.1657827794561932
48.54999923706055,50.38999938964844,48.54999923706055,50.11000061035156,50.11000061035156,25835500.0,0.17260074074074075
49.97000122070313,50.06999969482422,49.38999938964844,49.75,49.75,15797800.0,0.3463166259168701
49.38000106811523,50.18000030517578,49.36000061035156,49.86000061035156,49.86000061035156,12874800.0,0.29437999999999936
49.6500015258789,49.86000061035156,49.25,49.27000045776367,49.27000045776367,13607200.0,0.20939584569732905
49.38999938964844,49.52000045776367,48.38000106811523,48.58000183105469,48.58000183105469,18916300.0,0.15298959537572246
48.84000015258789,49.45000076293945,48.72999954223633,49.1500015258789,49.1500015258789,15350200.0,0.10301917098445594
49.209999084472656,49.4000015258789,48.7400016784668,48.9000015258789,48.9000015258789,13601200.0,0.06450596205962074
48.41999816894531,48.52000045776367,47.7599983215332,48.0099983215332,48.0099983215332,16248900.0,0.18420851063829793
47.9000015258789,48.0099983215332,47.38000106811523,47.43000030517578,47.43000030517578,15551500.0,0.1924472440944879
47.52000045776367,47.95000076293945,47.27000045776367,47.9000015258789,47.9000015258789,14460000.0,0.04637934131736511
47.61999893188477,47.959999084472656,46.70000076293945,46.81999969482422,46.81999969482422,16546700.0,-0.008702958579881693
46.38000106811523,46.68999862670898,46.11999893188477,46.22999954223633,46.22999954223633,13400500.0,0.12397294520547947
46.34000015258789,46.349998474121094,45.79999923706055,45.849998474121094,45.849998474121094,16303000.0,0.17616289308176092
46.0099983215332,46.290000915527344,45.13000106811523,45.22999954223633,45.22999954223633,26416800.0,0.21188513513513485
45.13999938964844,46.6500015258789,45.13999938964844,46.63000106811523,46.63000106811523,19947600.0,0.16181600000000002
46.7400016784668,46.79999923706055,45.52999877929688,45.70000076293945,45.70000076293945,14662700.0,0.09904256055363327
,,,,,,0.05707228260869561
45.959999084472656,46.43999862670898,45.52999877929688,45.7599983215332,45.7599983215332,17153500.0,0.16005734265734292
45.70000076293945,46.209999084472656,45.38000106811523,46.13000106811523,46.13000106811523,15378900.0,0.16413262032085565
46.02000045776367,47.11999893188477,45.86999893188477,47.08000183105469,47.08000183105469,18271000.0,0.15373796992481203
47.20000076293945,47.9900016784668,47.099998474121094,47.84000015258789,47.84000015258789,17501700.0,0.07086878980891717
48.08000183105469,48.349998474121094,47.68999862670898,47.7599983215332,47.7599983215332,13744800.0,0.2767897233201578
47.13000106811523,47.31999969482422,46.02000045776367,46.18999862670898,46.18999862670898,16603200.0,0.24440583090378976
46.20000076293945,46.40999984741211,45.77999877929688,46.1500015258789,46.1500015258789,17162500.0,0.19377294117647056
46.11000061035156,46.290000915527344,45.70000076293945,45.93999862670898,45.93999862670898,15802000.0,0.16363676012461054
46.09000015258789,46.61999893188477,45.63999938964844,46.02999877929688,46.02999877929688,30628200.0,0.09549664429530196
45.68000030517578,45.88000106811523,44.77999877929688,45.43999862670898,45.43999862670898,16256200.0,0.13409391025641026
45.0,45.27000045776367,44.43999862670898,44.77000045776367,44.77000045776367,15369000.0,0.1731252976190477
44.810001373291016,44.97999954223633,43.900001525878906,43.91999816894531,43.91999816894531,17505200.0,0.2683405660377355
43.66999816894531,45.0,43.52000045776367,44.56999969482422,44.56999969482422,18508100.0,0.042123209169054605
44.43999862670898,44.560001373291016,43.58000183105469,44.08000183105469,44.08000183105469,18865300.0,0.20006845425867495
43.810001373291016,44.33000183105469,43.66999816894531,43.83000183105469,43.83000183105469,18680200.0,0.12985041095890415
44.22000122070313,44.58000183105469,43.7400016784668,44.09000015258789,44.09000015258789,21562700.0,0.2124527397260274
44.66999816894531,44.810001373291016,44.22000122070313,44.43000030517578,44.43000030517578,16532600.0,0.1780589743589743
44.40999984741211,44.61999893188477,43.95000076293945,44.15999984741211,44.15999984741211,13559900.0,0.16479843342036504
44.16999816894531,44.61000061035156,43.72999954223633,43.7599983215332,43.7599983215332,22956900.0,0.1554157509157508
44.06999969482422,44.27999877929688,43.4900016784668,44.13999938964844,44.13999938964844,22834300.0,0.1613300380228138
44.25,44.84000015258789,44.09000015258789,44.459999084472656,44.459999084472656,28198800.0,0.11383381502890173
44.11999893188477,44.36999893188477,43.68000030517578,44.11999893188477,44.11999893188477,15673400.0,0.26906187050359587
43.7599983215332,43.77999877929688,43.040000915527344,43.09000015258789,43.09000015258789,22068200.0,0.20713992805755357
43.04999923706055,43.04999923706055,41.91999816894531,42.31999969482422,42.31999969482422,20093100.0,0.12250791366906476
42.349998474121094,42.61999893188477,41.75,41.75,41.75,17888000.0,0.11864430379746839
41.65999984741211,42.56999969482422,41.45000076293945,41.91999816894531,41.91999816894531,20981200.0,0.09000938416422288
42.09000015258789,43.13999938964844,41.91999816894531,42.02999877929688,42.02999877929688,18803600.0,0.0589200564971752
41.7599983215332,43.15999984741211,41.70000076293945,42.97999954223633,42.97999954223633,23135200.0,0.2515989949748743
42.88999938964844,43.38000106811523,42.36000061035156,42.86000061035156,42.86000061035156,16980500.0,0.1970302631578946
43.18999862670898,43.810001373291016,43.18999862670898,43.650001525878906,43.650001525878906,16678400.0,0.18588871595330725
44.04999923706055,44.36000061035156,43.61999893188477,44.09000015258789,44.09000015258789,18442800.0,0.12183901639344259
43.90999984741211,44.06999969482422,42.7400016784668,43.11000061035156,43.11000061035156,23054700.0,0.12943496732026136
43.27000045776367,43.40999984741211,42.81999969482422,42.90999984741211,42.90999984741211,17715000.0,0.1746092219020171
43.310001373291016,45.15999984741211,42.9900016784668,44.95000076293945,44.95000076293945,36572600.0,0.12563651226158032
45.08000183105469,45.86999893188477,44.9900016784668,45.540000915527344,45.540000915527344,24972000.0,0.14792442528735625
45.27000045776367,45.81999969482422,44.88999938964844,45.59000015258789,45.59000015258789,23127000.0,0.14061284634760707
45.91999816894531,46.6500015258789,45.61999893188477,46.06000137329102,46.06000137329102,21407900.0,0.03753363636363638
,,,,,,0.08515748792270532
