Open,High,Low,Close,Adj Close,Volume,compound
,,,,,,0.20595652173913043
,,,,,,0.2717432432432433
,,,,,,0.18512089552238806
,,,,,,0.14596323529411764
,,,,,,0.19768484848484846
,,,,,,0.1590571428571428
,,,,,,0.24197222222222237
,,,,,,0.1702244186046511
,,,,,,0.25354301075268815
,,,,,,0.24289642857142862
,,,,,,0.18401648351648364
,,,,,,0.23178793103448286
,,,,,,0.18611272727272718
,,,,,,0.3077509316770187
,,,,,,0.16936760563380282
,,,,,,0.29648734177215175
,,,,,,0.24576734693877555
,,,,,,0.1843889763779527
,,,,,,0.24225049504950505
,,,,,,0.1914144444444444
,,,,,,0.27823571428571425
,,,,,,0.13916448598130843
,,,,,,0.4290207792207792
,,,,,,0.2900725274725274
,,,,,,0.2776988372093024
,,,,,,0.31906761904761904
,,,,,,0.3361414414414415
,,,,,,0.35000693069306926
,,,,,,0.15215975609756097
,,,,,,0.258878350515464
,,,,,,0.15399027777777777
,,,,,,0.2265808988764045
,,,,,,0.2353291139240506
,,,,,,0.14763246753246753
,,,,,,0.2576491803278689
,,,,,,0.16952897196261676
,,,,,,0.22725300000000004
,,,,,,0.26281200000000005
,,,,,,0.2026114754098361
,,,,,,0.29496136363636366
,,,,,,0.18538651685393265
,,,,,,0.2648277777777778
,,,,,,0.22524285714285716
,,,,,,0.33069803921568613
,,,,,,-0.0018722222222222443
,,,,,,0.12561818181818182
,,,,,,0.2694159999999999
,,,,,,0.37579230769230726
,,,,,,0.31008936170212764
,,,,,,0.21868028169014095
,,,,,,0.19941862745098038
,,,,,,0.15279780219780217
,,,,,,0.23188793103448282
,,,,,,0.15168400000000004
,,,,,,0.016384210526315786
,,,,,,0.41506754385964884
,,,,,,0.47872462686567113
,,,,,,0.14974411764705886
,,,,,,0.39872269938650107
,,,,,,0.3275329004328994
,,,,,,0.1942656250000001
,,,,,,0.3076929824561404
,,,,,,0.216825
,,,,,,0.11052803738317754
483.0,483.0,483.0,483.0,483.0,0.0,0.12527789473684214
,,,,,,0.2218166666666667
,,,,,,0.11390000000000003
,,,,,,0.04001338028169016
,,,,,,0.23451264367816096
,,,,,,0.3293367924528304
,,,,,,0.25302638888888884
,,,,,,0.20199277108433736
,,,,,,0.26675000000000004
,,,,,,0.13683928571428572
,,,,,,0.12368857142857141
,,,,,,0.21861750000000008
,,,,,,0.2498642857142858
,,,,,,0.20702783505154645
,,,,,,0.17884716981132073
,,,,,,0.14529772727272725
,,,,,,0.09723450704225339
,,,,,,0.1944896103896104
,,,,,,0.19041583333333328
,,,,,,0.2573494252873563
,,,,,,0.21293157894736842
,,,,,,0.33912500000000007
,,,,,,0.30758901098901104
,,,,,,0.12874
,,,,,,-0.010223239436619711
,,,,,,0.10263111111111108
,,,,,,0.1373835616438356
,,,,,,0.28152903225806464
,,,,,,0.22245000000000006
,,,,,,0.12603781512605042
,,,,,,0.2265634408602152
,,,,,,0.25307692307692303
,,,,,,0.2056611111111111
,,,,,,0.10213589743589745
,,,,,,0.0592472972972973
,,,,,,0.28132105263157897
,,,,,,0.29209148936170226
,,,,,,0.22655925925925918
,,,,,,0.21908404255319147
,,,,,,0.2684529411764706
,,,,,,0.1536398058252427
,,,,,,0.19413802816901415
,,,,,,0.20858918918918923
,,,,,,0.20484756097560974
,,,,,,0.06878924731182796
,,,,,,0.11160465116279071
,,,,,,0.13823070175438604
,,,,,,0.14595977011494252
,,,,,,0.2893846774193546
,,,,,,0.23573367346938776
,,,,,,0.23886379310344827
,,,,,,0.22654999999999992
,,,,,,0.061936666666666654
,,,,,,0.1336335403726708
,,,,,,0.16290096153846148
,,,,,,0.14877878787878787
,,,,,,0.13103189655172412
,,,,,,0.1495474074074074
,,,,,,0.1394736363636364
,,,,,,0.24206231884057983
,,,,,,0.1938376344086022
,,,,,,0.26984950495049503
,,,,,,0.21800183486238528
,,,,,,0.11525547445255477
,,,,,,0.2214093023255814
,,,,,,0.21689058823529403
,,,,,,0.20867938931297714
,,,,,,0.12499892473118282
,,,,,,0.2163989898989899
,,,,,,0.2574708661417321
,,,,,,0.24695217391304322
,,,,,,0.2236448979591837
,,,,,,0.11457377049180327
,,,,,,0.1660256410256411
,,,,,,0.21359243697479005
,,,,,,0.22807961165048543
,,,,,,0.1395714285714285
,,,,,,0.3846672413793101
,,,,,,0.4663968325791858
,,,,,,0.3606709219858157
,,,,,,0.1171329113924051
,,,,,,0.28327777777777774
,,,,,,0.25404339622641514
,,,,,,0.18332755905511816
,,,,,,0.2080448453608249
,,,,,,0.20783313609467474
,,,,,,0.17609894736842108
,,,,,,0.27027755102040824
,,,,,,0.18073333333333327
,,,,,,0.2295760683760684
,,,,,,0.3853585858585862
,,,,,,0.23265526315789475
,,,,,,0.27216055045871557
,,,,,,0.10260373831775696
,,,,,,0.19885350877192987
,,,,,,0.21665045045045056
,,,,,,0.14803448275862066
,,,,,,0.151172
,,,,,,0.22217611940298512
,,,,,,0.2021863354037267
,,,,,,0.20984905660377362
,,,,,,-0.036363905325443764
,,,,,,0.2919068627450981
,,,,,,0.19306428571428577
,,,,,,0.14330625000000005
,,,,,,0.010712499999999903
,,,,,,0.2020623188405797
,,,,,,0.15179333333333328
,,,,,,0.25987954545454534
,,,,,,-0.14204782608695624
,,,,,,-0.00629660194174757
,,,,,,0.17614197530864195
,,,,,,0.11252117647058822
,,,,,,0.15673398692810458
,,,,,,0.1579977011494253
,,,,,,0.24713076923076918
,,,,,,0.22239500000000004
,,,,,,0.2724429824561403
,,,,,,0.11015182481751827
,,,,,,0.15637795275590555
,,,,,,0.30433529411764704
,,,,,,0.06185272727272729
,,,,,,0.0974359375
,,,,,,0.1369071428571429
,,,,,,-0.005656451612903226
,,,,,,0.08340526315789475
,,,,,,0.2842113475177305
,,,,,,0.3203035714285714
,,,,,,0.2810132231404958
,,,,,,0.25471944444444444
,,,,,,0.2002756756756756
,,,,,,0.11216964285714288
,,,,,,0.24664829931972798
,,,,,,0.1174078534031414
,,,,,,0.23135184135977432
,,,,,,0.36789411764705876
,,,,,,0.2881321782178206
,,,,,,0.1892811475409837
,,,,,,0.18091916666666663
,,,,,,0.261222807017544
,,,,,,0.16422530120481926
,,,,,,0.252455294117647
,,,,,,0.25095999999999996
,,,,,,0.25083488372093
,,,,,,0.04073076923076921
,,,,,,0.4102458620689641
,,,,,,0.09125543859649121
,,,,,,0.35367428571428455
,,,,,,0.24382392638036812
,,,,,,0.15668429752066126
,,,,,,0.018580597014925378
,,,,,,0.09255235294117649
,,,,,,0.08388526315789474
,,,,,,0.1963238993710692
,,,,,,0.196253125
,,,,,,0.14630486111111107
,,,,,,0.23627088607594948
,,,,,,0.22516583850931673
,,,,,,0.24660548780487823
,,,,,,0.028716666666666665
,,,,,,0.2308927374301673
,,,,,,0.24067530864197492
,,,,,,0.2662415094339623
,,,,,,0.1504139240506329
,,,,,,0.23666814159292027
,,,,,,0.2714994382022467
,,,,,,0.32313779527559056
,,,,,,0.26689230769230765
,,,,,,0.26875794871794867
,,,,,,0.21214932126696823
,,,,,,0.44493297297297324
,,,,,,0.44286242424242417
,,,,,,0.5123687943262416
,,,,,,0.32655099337748345
,,,,,,0.15041985294117644
,,,,,,0.27810847457627114
,,,,,,0.302122009569378
,,,,,,0.3038892561983469
,,,,,,0.2835044776119402
,,,,,,0.19187688172043024
,,,,,,0.4115652173913044
,,,,,,0.2414617391304347
,,,,,,0.1395940828402367
,,,,,,0.3132896907216489
,,,,,,0.2906162499999998
,,,,,,0.15892318840579703
,,,,,,0.22835763546798013
,,,,,,0.2293220779220779
,,,,,,0.1591681818181818
,,,,,,0.25188104575163395
,,,,,,0.07926923076923077
,,,,,,0.07701778523489937
,,,,,,0.21882026143790845
,,,,,,0.24125431034482772
,,,,,,0.23300357142857145
,,,,,,0.20035845070422534
,,,,,,0.29113913043478273
,,,,,,-0.035741530054644734
,,,,,,-0.05055482233502534
,,,,,,0.20673786407767
,,,,,,0.2780949044585984
,,,,,,0.1460594202898551
,,,,,,0.1497259036144578
,,,,,,0.24800769230769198
,,,,,,0.22690555555555555
,,,,,,0.2818595041322314
,,,,,,0.21357440000000005
,,,,,,0.134372131147541
,,,,,,0.1521286821705427
,,,,,,0.1336792
,,,,,,0.18955725806451618
,,,,,,0.19269605263157902
,,,,,,0.22698940397350986
,,,,,,0.13058910256410267
,,,,,,0.17300890410958905
,,,,,,0.23370677966101688
,,,,,,0.22188636363636366
,,,,,,0.23234019607843137
,,,,,,0.28210714285714283
,,,,,,0.24526236559139786
,,,,,,0.12022647058823531
,,,,,,0.2812919463087247
,,,,,,0.17976972477064218
,,,,,,0.14075775862068965
,,,,,,0.1473475806451613
,,,,,,0.1002198113207547
,,,,,,0.2304486725663717
,,,,,,0.08206000000000005
,,,,,,0.15092696078431375
,,,,,,0.32465471698113196
,,,,,,0.1779352941176471
,,,,,,0.15604000000000004
,,,,,,0.10345362318840584
,,,,,,0.17693985239852386
,,,,,,0.19188202247191008
,,,,,,0.07223576642335766
,,,,,,0.17688372093023266
,,,,,,0.13034027777777774
,,,,,,0.2637495495495496
,,,,,,0.27830470588235307
,,,,,,0.16516760563380278
,,,,,,0.24759113924050638
,,,,,,0.19967300000000002
,,,,,,0.3461074468085108
,,,,,,0.3248091666666664
,,,,,,0.20799718309859155
,,,,,,0.16398369565217397
,,,,,,0.24578305084745766
,,,,,,-0.0036404411764705776
,,,,,,0.20775511363636368
,,,,,,0.19435821917808227
,,,,,,0.3521921686746986
,,,,,,0.1429345070422535
,,,,,,0.07830704225352116
,,,,,,0.09764125
,,,,,,0.10457547169811318
,,,,,,0.2521829545454545
,,,,,,0.1751126865671641
,,,,,,0.24239097744360907
,,,,,,0.3414907975460121
,,,,,,0.1739206896551724
,,,,,,0.2382172413793104
,,,,,,0.10341481481481483
,,,,,,0.18886092715231786
,,,,,,0.10882961165048544
,,,,,,0.056925663716814165
,,,,,,0.17709182389937111
,,,,,,0.3277182481751822
,,,,,,0.24265416666666648
,,,,,,0.19774411764705882
,,,,,,0.22947583333333335
,,,,,,0.24732790697674426
,,,,,,0.057695721925133704
,,,,,,0.16690803571428567
,,,,,,0.30567248322147644
,,,,,,0.13482590361445776
,,,,,,0.2035560975609756
,,,,,,0.1819452380952381
,,,,,,0.06954306930693072
,,,,,,0.32911946902654876
,,,,,,0.2508873015873017
,,,,,,0.13698581081081088
,,,,,,0.210716304347826
,,,,,,0.24706354166666675
,,,,,,0.1480278846153846
,,,,,,0.2554377483443709
,,,,,,0.1373295652173913
,,,,,,0.13120532544378702
,,,,,,0.18868654970760235
,,,,,,0.19200000000000006
,,,,,,0.15418703703703704
,,,,,,0.2982104166666665
,,,,,,0.35762800000000006
,,,,,,0.15779518072289161
,,,,,,0.20178348623853207
,,,,,,0.1506905405405405
,,,,,,0.13789999999999997
,,,,,,0.09769999999999998
,,,,,,0.22218194444444453
,,,,,,0.11911680000000005
,,,,,,0.17020260869565218
,,,,,,0.2508793814432989
,,,,,,0.16719333333333328
,,,,,,0.08550731707317069
,,,,,,0.10626815286624197
,,,,,,0.24248625000000001
,,,,,,0.22888602150537626
,,,,,,0.2754646341463415
,,,,,,0.17535804195804192
,,,,,,0.14386331360946747
,,,,,,0.2991877551020408
,,,,,,0.4182020408163261
,,,,,,0.40879790209790234
,,,,,,0.34978518518518514
,,,,,,0.10252173913043476
,,,,,,0.21578493150684938
,,,,,,0.16788585858585858
,,,,,,0.2623217391304347
,,,,,,0.25177125
,,,,,,0.29813115942028967
,,,,,,0.3216137614678899
,,,,,,0.3979785425101206
,,,,,,0.24792314049586786
,,,,,,0.10293600000000001
,,,,,,0.2830745098039215
,,,,,,0.08484533333333334
,,,,,,0.2335581818181817
,,,,,,0.2918
,,,,,,0.19510909090909082
,,,,,,0.10271196581196591
,,,,,,0.24767926829268289
,,,,,,0.21332871287128713
,,,,,,0.1980991596638656
,,,,,,0.3268250000000001
,,,,,,0.15671982758620692
,,,,,,0.31109062499999995
,,,,,,0.07188902439024382
,,,,,,0.24099210526315798
,,,,,,0.21615594405594413
,,,,,,0.17294636363636362
,,,,,,0.1861397435897435
,,,,,,0.17231818181818176
,,,,,,0.28374204545454557
,,,,,,0.19381836734693877
,,,,,,0.18118431372549026
,,,,,,0.16201013824884813
,,,,,,0.202580291970803
,,,,,,0.17454601769911496
,,,,,,0.24357462686567155
,,,,,,0.228565
,,,,,,0.24199550561797753
,,,,,,0.21141894736842098
,,,,,,0.293683908045977
,,,,,,0.2607586666666666
,,,,,,0.2667733333333333
,,,,,,0.12064328358208957
,,,,,,0.19744471544715433
,,,,,,0.14695510204081638
,,,,,,0.09455
,,,,,,0.21838032786885248
,,,,,,0.2632372340425531
,,,,,,0.20248264462809923
,,,,,,0.16454363636363642
,,,,,,0.2302000000000001
,,,,,,0.15477943262411345
,,,,,,0.27732408759124083
,,,,,,0.19220630630630633
,,,,,,0.18322886597938154
,,,,,,0.2569081395348837
,,,,,,0.261408
,,,,,,0.31813586206896544
,,,,,,0.22520934579439247
,,,,,,0.2563991150442478
,,,,,,0.27462166666666676
,,,,,,0.147416891891892
,,,,,,0.2593142857142857
,,,,,,0.22813245614035085
,,,,,,0.2676089430894308
,,,,,,0.2526077464788732
,,,,,,0.09400229885057451
,,,,,,0.2536931297709923
,,,,,,0.38920760869565224
,,,,,,0.22527261904761908
,,,,,,0.14838481012658228
,,,,,,0.10187500000000012
,,,,,,0.3832216666666667
,,,,,,0.37247258064516126
,,,,,,0.11374382022471911
,,,,,,0.46029310344827623
,,,,,,0.20882702702702702
,,,,,,0.283659230769231
,,,,,,0.4027833333333337
,,,,,,0.3390358974358975
,,,,,,0.240075294117647
,,,,,,0.24222925170068027
,,,,,,0.17529239130434773
,,,,,,0.19294074074074077
,,,,,,0.1522272
,,,,,,0.18591340206185566
,,,,,,0.12046640000000008
,,,,,,0.14905728155339806
,,,,,,0.36379999999999996
,,,,,,0.17584
,,,,,,0.12261578947368422
,,,,,,0.3287894736842105
,,,,,,0.1362256756756757
,,,,,,0.256669696969697
,,,,,,0.32093333333333335
,,,,,,0.171575
,,,,,,-0.05297027027027026
,,,,,,0.08141639344262294
,,,,,,0.2314074074074074
,,,,,,0.3138180722891566
,,,,,,0.27442666666666665
,,,,,,0.185658947368421
,,,,,,0.03858701298701301
,,,,,,0.12496073059360745
,,,,,,0.26344460431654676
,,,,,,0.1506790476190476
,,,,,,0.13821999999999998
,,,,,,0.4530274509803921
,,,,,,0.3273395061728379
,,,,,,0.22141532846715337
,,,,,,0.2747671428571429
,,,,,,0.20600662650602405
,,,,,,0.24219621621621604
,,,,,,0.15903081761006288
,,,,,,0.3128406976744185
,,,,,,0.3463149122807019
,,,,,,0.24760000000000004
,,,,,,0.3168583333333333
,,,,,,0.20620361445783136
,,,,,,0.2960415730337079
,,,,,,0.3531217821782178
,,,,,,0.0579718954248366
,,,,,,0.28262234636871497
,,,,,,0.30046470588235286
,,,,,,0.26778941176470583
,,,,,,0.2835224719101124
,,,,,,0.2743979797979797
,,,,,,0.4437798165137608
,,,,,,0.051730960854092525
,,,,,,0.15891371428571427
,,,,,,0.16369259259259253
,,,,,,0.20771868131868132
,,,,,,0.06476261261261262
,,,,,,0.17476910994764389
,,,,,,0.18460234375
,,,,,,0.17554354838709682
,,,,,,0.21026
,,,,,,0.15237363636363632
,,,,,,0.1852705263157895
,,,,,,0.14459746835443035
,,,,,,0.07267985865724381
,,,,,,0.4518034482758618
,,,,,,0.1578549019607843
,,,,,,0.30215362318840583
,,,,,,0.10951637931034483
,,,,,,0.14470941176470584
,,,,,,0.07980661764705883
,,,,,,0.20635684931506848
,,,,,,0.06417862595419849
,,,,,,0.23472037037037038
,,,,,,0.3168474747474748
,,,,,,0.32209227941176316
,,,,,,0.33333966942148735
,,,,,,0.3624266233766238
,,,,,,0.18654833333333334
,,,,,,0.22871170212765957
,,,,,,0.17998550724637682
,,,,,,0.366175
,,,,,,0.06799836065573771
,,,,,,0.21339555555555556
,,,,,,-0.10193333333333333
,,,,,,0.25113870967741936
,,,,,,0.17413333333333333
,,,,,,0.4381024000000005
,,,,,,0.32354444444444447
,,,,,,0.2566852941176471
,,,,,,0.30984736842105265
,,,,,,0.1343777777777778
,,,,,,0.08134857142857142
,,,,,,0.16983069306930693
,,,,,,0.06062327586206896
,,,,,,0.19452571428571433
,,,,,,0.2621312499999998
,,,,,,0.2358013698630137
,,,,,,0.32115904761904773
,,,,,,0.18408421052631577
,,,,,,0.013655123674911663
,,,,,,0.22099541284403662
,,,,,,0.15424920634920636
,,,,,,0.21515436893203888
,,,,,,0.2739946808510637
,,,,,,0.17462087912087906
,,,,,,0.16298437500000004
,,,,,,0.2596271428571429
,,,,,,0.16928985507246372
,,,,,,0.15887957446808515
,,,,,,0.07586244725738399
,,,,,,0.11263800000000003
,,,,,,0.21599863013698625
,,,,,,0.017515243902439012
,,,,,,0.15403478260869566
,,,,,,0.7060033557046986
,,,,,,0.1631071428571429
,,,,,,0.168176404494382
,,,,,,0.2430698795180722
,,,,,,0.31599819819819824
,,,,,,0.24456705882352944
,,,,,,0.17768482142857142
,,,,,,0.17987127659574462
,,,,,,0.36611649484536085
,,,,,,0.2099774647887324
,,,,,,0.35971045751633995
,,,,,,0.20118396946564887
,,,,,,0.1251565789473684
,,,,,,-0.10731910112359559
,,,,,,0.4693491891891897
,,,,,,0.02327162162162162
,,,,,,0.07278388625592418
,,,,,,0.012763636363636371
,,,,,,0.19391328671328675
,,,,,,0.2013239726027397
,,,,,,0.06569864864864865
,,,,,,0.18335740740740744
,,,,,,0.18058235294117647
,,,,,,0.21553250000000004
,,,,,,0.2036643939393938
,,,,,,0.1613025210084034
,,,,,,0.17738444444444446
,,,,,,0.15990697674418602
,,,,,,0.20661999999999997
,,,,,,0.11302499999999997
,,,,,,0.09754173553719003
,,,,,,0.24854803149606305
,,,,,,0.19695703125000005
,,,,,,0.1501895238095238
,,,,,,0.18681928571428566
,,,,,,0.24751111111111118
,,,,,,0.3379588888888886
,,,,,,0.20215844155844157
,,,,,,0.1894338235294118
,,,,,,0.1000241935483871
,,,,,,0.2713981132075472
,,,,,,0.43482459016393393
,,,,,,0.25133675213675205
,,,,,,0.3781372093023257
,,,,,,0.2508697674418604
,,,,,,0.17988659793814435
,,,,,,0.23683571428571432
,,,,,,0.2716302631578946
,,,,,,0.08917941176470588
,,,,,,0.2198571428571428
,,,,,,0.22440625
,,,,,,0.24854210526315793
,,,,,,0.07371373134328363
,,,,,,0.10156901408450703
,,,,,,0.22845125000000016
,,,,,,0.041796482412060305
,,,,,,0.32192844036697243
,,,,,,0.2419841584158417
,,,,,,0.21651282051282048
,,,,,,0.20529423076923073
,,,,,,0.11838141592920354
,,,,,,0.1478108108108108
,,,,,,0.14434230769230777
,,,,,,0.5293629870129875
,,,,,,0.07685761421319795
,,,,,,0.12647253218884116
,,,,,,0.2520587412587413
,,,,,,0.18170310559006211
,,,,,,0.11518779069767444
,,,,,,0.21855947712418308
,,,,,,0.23669756097560973
,,,,,,0.28598981481481484
,,,,,,0.17862647058823533
,,,,,,0.17344651162790697
,,,,,,0.1605555555555556
,,,,,,0.23991308411214954
,,,,,,0.11205555555555552
,,,,,,0.14078380952380948
,,,,,,0.14852982456140346
,,,,,,0.22048055555555554
,,,,,,0.07784931506849307
,,,,,,0.23052340425531911
,,,,,,0.17746499999999998
,,,,,,0.23090721649484533
,,,,,,0.15873220338983052
,,,,,,0.18344090909090907
,,,,,,0.17741447368421048
,,,,,,0.3774238095238096
,,,,,,0.322907042253521
,,,,,,0.28889999999999993
,,,,,,0.21918735632183903
,,,,,,0.4093950495049505
,,,,,,0.305617
,,,,,,-0.05174857142857143
,,,,,,0.17453894736842104
,,,,,,0.1981155844155844
,,,,,,0.14523118811881186
,,,,,,0.17295142857142853
,,,,,,0.22192362204724406
,,,,,,0.26543880597014935
,,,,,,0.357429411764706
,,,,,,0.09450612244897959
,,,,,,0.15636575342465753
,,,,,,0.269594674556213
,,,,,,0.32468507462686547
,,,,,,0.24260742574257396
,,,,,,0.24646268656716416
,,,,,,0.5077139372822297
,,,,,,0.4221373913043477
,,,,,,0.24281414141414134
,,,,,,0.12467500000000001
,,,,,,0.1719965517241379
,,,,,,0.2324255319148936
,,,,,,0.30915370370370354
,,,,,,0.12365294117647059
,,,,,,0.20785138888888888
,,,,,,0.039903100775193864
,,,,,,0.22737402597402592
,,,,,,0.25411704545454544
,,,,,,0.29946140350877193
,,,,,,0.09655714285714281
,,,,,,0.17692568807339445
,,,,,,-0.1077301204819277
,,,,,,0.16279354838709678
,,,,,,0.17324333333333328
,,,,,,0.2356693181818182
,,,,,,0.23748035714285712
,,,,,,0.335317441860465
,,,,,,0.3194384615384614
,,,,,,0.2832324561403508
,,,,,,0.24270136986301377
,,,,,,0.19022464788732396
,,,,,,0.23084728682170547
,,,,,,0.026708226221079694
,,,,,,0.21990067114093956
,,,,,,0.042271906354515054
,,,,,,0.14550169491525425
,,,,,,0.15802666666666665
,,,,,,0.22790166666666672
,,,,,,0.24756159420289864
,,,,,,0.3524040816326533
,,,,,,0.3379611111111102
,,,,,,0.2666121428571426
,,,,,,0.24273472222222234
,,,,,,0.23966944444444443
,,,,,,0.11870000000000003
,,,,,,0.28726736842105255
,,,,,,0.19140156249999998
,,,,,,0.08795526315789472
,,,,,,0.19795471698113207
,,,,,,0.23263461538461538
,,,,,,0.32486230769230756
,,,,,,0.3250423841059602
,,,,,,0.06518301369863014
,,,,,,0.08288168316831683
,,,,,,0.15148285714285717
,,,,,,0.26644274809160307
,,,,,,0.16241348314606738
,,,,,,0.29808373983739844
,,,,,,0.28403220338983054
,,,,,,0.1659545454545455
,,,,,,0.27549684210526315
,,,,,,0.161459693877551
,,,,,,0.32842774193548385
,,,,,,0.2399152173913043
,,,,,,0.31144188034188014
,,,,,,0.24945347593582887
,,,,,,0.14467254901960783
,,,,,,0.2063435754189945
,,,,,,0.010986440677966102
,,,,,,0.06467684210526316
,,,,,,0.25503448275862073
,,,,,,0.2474655405405405
,,,,,,0.2566007042253522
,,,,,,0.27056917293233074
,,,,,,0.22539846153846155
,,,,,,0.013867945823927766
,,,,,,0.09272319999999998
,,,,,,0.3611441025641027
,,,,,,0.2520801282051282
,,,,,,0.2959876190476191
,,,,,,0.21681315789473676
,,,,,,0.22130696202531644
,,,,,,0.3084619047619048
,,,,,,0.3479816513761465
,,,,,,0.31455241935483863
,,,,,,0.2750271999999998
,,,,,,0.25353095238095236
,,,,,,0.30177551020408155
,,,,,,0.3418813725490195
,,,,,,0.09659228395061727
,,,,,,0.33841149999999964
,,,,,,0.3043730593607306
,,,,,,0.23618340080971648
,,,,,,0.34323131313131316
,,,,,,0.3066860655737704
,,,,,,0.32764569536423843
,,,,,,0.31436551724137923
,,,,,,0.37245999999999996
,,,,,,0.4085853211009173
,,,,,,0.44949499999999987
,,,,,,0.26228627450980374
,,,,,,0.01587152619589977
,,,,,,0.10999323843416373
,,,,,,0.20539590643274844
,,,,,,0.23672094594594595
,,,,,,0.3935073529411764
,,,,,,0.3423360655737703
,,,,,,0.28431240875912384
,,,,,,0.051241137123745804
,,,,,,0.179775652173913
,,,,,,0.35193986486486456
,,,,,,0.3116609467455617
,,,,,,0.29596761363636365
,,,,,,0.2725408536585363
